# regular 24x24 logical -> 24x12 terminal cells

## idle (2 frames)
frame 1/2
                        
       [38;2;247;242;234m▄▄[0m[38;2;247;242;234;48;2;74;43;36m▀▀▀▀▀▀[0m[38;2;247;242;234m▄▄[0m       
    [38;2;247;242;234m▄█[0m[38;2;247;242;234;48;2;74;43;36m▀[0m[38;2;74;43;36;48;2;112;71;57m▀▀[0m[38;2;112;71;57m█[0m[38;2;112;71;57;48;2;74;43;36m▀▀▀[0m[38;2;74;43;36m█[0m[38;2;74;43;36;48;2;112;71;57m▀▀▀[0m[38;2;247;242;234;48;2;74;43;36m▀[0m[38;2;247;242;234m█▄[0m    
  [38;2;247;242;234m▄█[0m[38;2;197;47;60;48;2;42;29;26m▀[0m[38;2;197;47;60m█[0m[38;2;197;47;60;48;2;112;71;57m▀[0m[38;2;112;71;57;48;2;74;43;36m▀[0m[38;2;74;43;36m███[0m[38;2;74;43;36;48;2;255;208;180m▀[0m[38;2;74;43;36;48;2;112;71;57m▀▀[0m[38;2;74;43;36;48;2;255;208;180m▀[0m[38;2;74;43;36m█[0m[38;2;112;71;57;48;2;74;43;36m▀▀[0m[38;2;74;43;36m█[0m[38;2;247;242;234;48;2;74;43;36m▀[0m[38;2;247;242;234m█▄[0m  
 [38;2;247;242;234m▄[0m[38;2;247;242;234;48;2;42;29;26m▀[0m[38;2;42;29;26m█[0m[38;2;197;47;60;48;2;42;29;26m▀[0m[38;2;42;29;26m█[0m[38;2;197;47;60;48;2;74;43;36m▀[0m[38;2;42;29;26;48;2;74;43;36m▀[0m[38;2;42;29;26;48;2;241;232;223m▀[0m[38;2;42;29;26;48;2;21;58;120m▀[0m[38;2;255;208;180m█[0m[38;2;74;43;36m██[0m[38;2;255;208;180m█[0m[38;2;255;208;180;48;2;241;232;223m▀[0m[38;2;42;29;26;48;2;21;58;120m▀[0m[38;2;42;29;26;48;2;74;43;36m▀[0m[38;2;74;43;36m█[0m[38;2;42;29;26m██[0m[38;2;74;43;36;48;2;42;29;26m▀▀▀[0m 
 [38;2;247;242;234m█[0m[38;2;42;29;26m████[0m[38;2;255;208;180m█[0m[38;2;75;169;255;48;2;255;208;180m▀▀[0m[38;2;21;58;120;48;2;255;208;180m▀[0m[38;2;255;208;180m████[0m[38;2;75;169;255;48;2;255;208;180m▀▀[0m[38;2;21;58;120;48;2;255;208;180m▀[0m[38;2;255;208;180m█[0m[38;2;74;43;36;48;2;42;29;26m▀[0m[38;2;42;29;26m█[0m[38;2;112;71;57;48;2;42;29;26m▀[0m[38;2;112;71;57;48;2;74;43;36m▀▀[0m 
  [38;2;247;242;234m█[0m[38;2;42;29;26m██[0m[38;2;42;29;26;48;2;112;71;57m▀▀[0m[38;2;255;208;180;48;2;42;29;26m▀[0m[38;2;255;208;180m███[0m[38;2;197;47;60;48;2;255;208;180m▀▀[0m[38;2;255;208;180m███[0m[38;2;255;208;180;48;2;74;43;36m▀[0m[38;2;74;43;36;48;2;42;29;26m▀[0m[38;2;42;29;26;48;2;112;71;57m▀▀[0m[38;2;42;29;26m█[0m[38;2;42;29;26;48;2;112;71;57m▀▀[0m 
   [38;2;247;242;234m█[0m[38;2;42;29;26;48;2;197;47;60m▀[0m[38;2;42;29;26;48;2;36;38;52m▀[0m[38;2;112;71;57;48;2;36;38;52m▀[0m[38;2;241;232;223m██[0m[38;2;241;232;223;48;2;36;38;52m▀[0m[38;2;36;38;52m█[0m[38;2;241;232;223;48;2;197;47;60m▀▀[0m[38;2;36;38;52m█[0m[38;2;241;232;223;48;2;36;38;52m▀[0m[38;2;241;232;223m██[0m[38;2;42;29;26;48;2;36;38;52m▀▀[0m[38;2;42;29;26;48;2;197;47;60m▀[0m[38;2;74;43;36m█[0m[38;2;74;43;36;48;2;42;29;26m▀▀[0m 
    [38;2;241;232;223;48;2;255;208;180m▀▀[0m[38;2;241;232;223;48;2;247;242;234m▀[0m[38;2;241;232;223;48;2;36;38;52m▀▀[0m[38;2;36;38;52m█[0m[38;2;197;47;60;48;2;36;38;52m▀[0m[38;2;197;47;60m██[0m[38;2;197;47;60;48;2;36;38;52m▀[0m[38;2;36;38;52m█[0m[38;2;241;232;223;48;2;36;38;52m▀▀[0m[38;2;241;232;223;48;2;247;242;234m▀[0m[38;2;241;232;223;48;2;255;208;180m▀▀[0m[38;2;112;71;57m▀[0m[38;2;112;71;57;48;2;197;47;60m▀▀[0m 
      [38;2;36;38;52m▀[0m[38;2;36;38;52;48;2;197;47;60m▀▀[0m[38;2;197;47;60m█[0m[38;2;36;38;52m█[0m[38;2;36;38;52;48;2;197;47;60m▀[0m[38;2;197;47;60m█[0m[38;2;36;38;52m█[0m[38;2;36;38;52;48;2;197;47;60m▀[0m[38;2;197;47;60m█[0m[38;2;36;38;52;48;2;197;47;60m▀[0m[38;2;36;38;52m▀[0m    [38;2;197;47;60m▀[0m 
        [38;2;255;208;180;48;2;20;24;32m▀▀▀[0m  [38;2;255;208;180;48;2;20;24;32m▀▀▀[0m        
       [38;2;75;38;36m▀▀▀▀[0m  [38;2;75;38;36m▀▀▀▀[0m       
frame 2/2
                        
       [38;2;247;242;234m▄▄[0m[38;2;247;242;234;48;2;74;43;36m▀▀▀▀▀▀[0m[38;2;247;242;234m▄▄[0m       
    [38;2;247;242;234m▄█[0m[38;2;247;242;234;48;2;74;43;36m▀[0m[38;2;74;43;36;48;2;112;71;57m▀▀[0m[38;2;112;71;57m█[0m[38;2;112;71;57;48;2;74;43;36m▀▀▀[0m[38;2;74;43;36m█[0m[38;2;74;43;36;48;2;112;71;57m▀▀▀[0m[38;2;247;242;234;48;2;74;43;36m▀[0m[38;2;247;242;234m█▄[0m    
  [38;2;247;242;234m▄█[0m[38;2;197;47;60;48;2;42;29;26m▀[0m[38;2;197;47;60m█[0m[38;2;197;47;60;48;2;112;71;57m▀[0m[38;2;112;71;57;48;2;74;43;36m▀[0m[38;2;74;43;36m███[0m[38;2;74;43;36;48;2;255;208;180m▀[0m[38;2;74;43;36;48;2;112;71;57m▀▀[0m[38;2;74;43;36;48;2;255;208;180m▀[0m[38;2;74;43;36m█[0m[38;2;112;71;57;48;2;74;43;36m▀▀[0m[38;2;74;43;36m█[0m[38;2;247;242;234;48;2;74;43;36m▀[0m[38;2;247;242;234m█▄[0m  
 [38;2;247;242;234m▄[0m[38;2;247;242;234;48;2;42;29;26m▀[0m[38;2;42;29;26m█[0m[38;2;197;47;60;48;2;42;29;26m▀[0m[38;2;42;29;26m█[0m[38;2;197;47;60;48;2;74;43;36m▀[0m[38;2;42;29;26;48;2;74;43;36m▀[0m[38;2;42;29;26;48;2;255;208;180m▀▀[0m[38;2;255;208;180m█[0m[38;2;74;43;36m██[0m[38;2;255;208;180m██[0m[38;2;42;29;26;48;2;255;208;180m▀[0m[38;2;42;29;26;48;2;74;43;36m▀[0m[38;2;74;43;36m█[0m[38;2;42;29;26m██[0m[38;2;74;43;36;48;2;42;29;26m▀▀▀[0m 
 [38;2;247;242;234m█[0m[38;2;42;29;26m████[0m[38;2;255;208;180m██[0m[38;2;21;58;120;48;2;255;208;180m▀▀[0m[38;2;255;208;180m████[0m[38;2;21;58;120;48;2;255;208;180m▀▀[0m[38;2;255;208;180m██[0m[38;2;74;43;36;48;2;42;29;26m▀[0m[38;2;42;29;26m█[0m[38;2;112;71;57;48;2;42;29;26m▀[0m[38;2;112;71;57;48;2;74;43;36m▀▀[0m 
  [38;2;247;242;234m█[0m[38;2;42;29;26m██[0m[38;2;42;29;26;48;2;112;71;57m▀▀[0m[38;2;255;208;180;48;2;42;29;26m▀[0m[38;2;255;208;180m███[0m[38;2;197;47;60;48;2;255;208;180m▀▀[0m[38;2;255;208;180m███[0m[38;2;255;208;180;48;2;74;43;36m▀[0m[38;2;74;43;36;48;2;42;29;26m▀[0m[38;2;42;29;26;48;2;112;71;57m▀▀[0m[38;2;42;29;26m█[0m[38;2;42;29;26;48;2;112;71;57m▀▀[0m 
   [38;2;247;242;234m█[0m[38;2;42;29;26;48;2;197;47;60m▀[0m[38;2;42;29;26;48;2;36;38;52m▀[0m[38;2;112;71;57;48;2;36;38;52m▀[0m[38;2;241;232;223m██[0m[38;2;241;232;223;48;2;36;38;52m▀[0m[38;2;36;38;52m█[0m[38;2;241;232;223;48;2;197;47;60m▀▀[0m[38;2;36;38;52m█[0m[38;2;241;232;223;48;2;36;38;52m▀[0m[38;2;241;232;223m██[0m[38;2;42;29;26;48;2;36;38;52m▀▀[0m[38;2;42;29;26;48;2;197;47;60m▀[0m[38;2;74;43;36m█[0m[38;2;74;43;36;48;2;42;29;26m▀▀[0m 
    [38;2;241;232;223;48;2;255;208;180m▀▀[0m[38;2;241;232;223;48;2;247;242;234m▀[0m[38;2;241;232;223;48;2;36;38;52m▀▀[0m[38;2;36;38;52m█[0m[38;2;197;47;60;48;2;36;38;52m▀[0m[38;2;197;47;60m██[0m[38;2;197;47;60;48;2;36;38;52m▀[0m[38;2;36;38;52m█[0m[38;2;241;232;223;48;2;36;38;52m▀▀[0m[38;2;241;232;223;48;2;247;242;234m▀[0m[38;2;241;232;223;48;2;255;208;180m▀▀[0m[38;2;112;71;57m▀[0m[38;2;112;71;57;48;2;197;47;60m▀▀[0m 
      [38;2;36;38;52m▀[0m[38;2;36;38;52;48;2;197;47;60m▀▀[0m[38;2;197;47;60m█[0m[38;2;36;38;52m█[0m[38;2;36;38;52;48;2;197;47;60m▀[0m[38;2;197;47;60m█[0m[38;2;36;38;52m█[0m[38;2;36;38;52;48;2;197;47;60m▀[0m[38;2;197;47;60m█[0m[38;2;36;38;52;48;2;197;47;60m▀[0m[38;2;36;38;52m▀[0m    [38;2;197;47;60m▀[0m 
        [38;2;255;208;180;48;2;20;24;32m▀▀▀[0m  [38;2;255;208;180;48;2;20;24;32m▀▀▀[0m        
       [38;2;75;38;36m▀▀▀▀[0m  [38;2;75;38;36m▀▀▀▀[0m       

## thinking (2 frames)
frame 1/2
                        
     [38;2;74;43;36m▄▄▄█[0m[38;2;74;43;36;48;2;42;29;26m▀[0m[38;2;74;43;36m███████▄▄[0m[38;2;247;242;234m▄▄▄[0m  
   [38;2;247;242;234m▄[0m[38;2;74;43;36m█[0m[38;2;42;29;26;48;2;74;43;36m▀[0m[38;2;74;43;36m███[0m[38;2;42;29;26;48;2;247;242;234m▀[0m[38;2;74;43;36m█[0m[38;2;74;43;36;48;2;112;71;57m▀▀[0m[38;2;42;29;26;48;2;74;43;36m▀[0m[38;2;74;43;36;48;2;112;71;57m▀[0m[38;2;42;29;26;48;2;112;71;57m▀[0m[38;2;112;71;57;48;2;42;29;26m▀[0m[38;2;112;71;57;48;2;74;43;36m▀[0m[38;2;74;43;36m▄[0m[38;2;42;29;26;48;2;247;242;234m▀[0m[38;2;247;242;234;48;2;74;43;36m▀▀[0m[38;2;247;242;234m▀[0m 
  [38;2;247;242;234m█[0m[38;2;74;43;36;48;2;42;29;26m▀[0m[38;2;74;43;36;48;2;247;242;234m▀[0m[38;2;74;43;36m█[0m[38;2;42;29;26;48;2;247;242;234m▀[0m[38;2;74;43;36;48;2;42;29;26m▀[0m[38;2;74;43;36m█[0m[38;2;247;242;234;48;2;74;43;36m▀[0m[38;2;74;43;36;48;2;42;29;26m▀[0m[38;2;74;43;36m█[0m[38;2;74;43;36;48;2;247;242;234m▀[0m[38;2;247;242;234;48;2;255;208;180m▀[0m[38;2;112;71;57;48;2;255;208;180m▀[0m[38;2;74;43;36;48;2;42;29;26m▀▀[0m[38;2;74;43;36m██[0m[38;2;247;242;234;48;2;112;71;57m▀[0m[38;2;74;43;36;48;2;247;242;234m▀▀[0m  
  [38;2;247;242;234m▀█[0m[38;2;42;29;26;48;2;74;43;36m▀[0m[38;2;74;43;36m█[0m[38;2;247;242;234m█[0m[38;2;247;242;234;48;2;74;43;36m▀[0m[38;2;75;169;255;48;2;21;58;120m▀▀[0m[38;2;74;43;36;48;2;255;208;180m▀▀[0m[38;2;247;242;234;48;2;42;29;26m▀[0m[38;2;255;208;180;48;2;74;43;36m▀[0m[38;2;75;169;255m█[0m[38;2;247;242;234;48;2;36;38;52m▀[0m[38;2;74;43;36;48;2;42;29;26m▀[0m[38;2;42;29;26;48;2;74;43;36m▀[0m[38;2;74;43;36;48;2;247;242;234m▀[0m[38;2;112;71;57;48;2;247;242;234m▀[0m[38;2;247;242;234;48;2;74;43;36m▀[0m[38;2;247;242;234m▀[0m  
   [38;2;42;29;26m▀[0m[38;2;247;242;234m█[0m[38;2;74;43;36;48;2;247;242;234m▀[0m[38;2;247;242;234;48;2;241;232;223m▀[0m[38;2;255;208;180;48;2;241;232;223m▀[0m[38;2;255;208;180m▄▄[0m[38;2;255;208;180;48;2;197;47;60m▀▀[0m[38;2;255;208;180m██▄▀[0m[38;2;241;232;223m▄[0m[38;2;74;43;36;48;2;241;232;223m▀[0m[38;2;247;242;234;48;2;42;29;26m▀[0m[38;2;247;242;234;48;2;112;71;57m▀[0m[38;2;74;43;36;48;2;247;242;234m▀[0m[38;2;247;242;234m▄[0m  
 [38;2;247;242;234m▄[0m[38;2;42;29;26;48;2;74;43;36m▀[0m[38;2;42;29;26m█[0m[38;2;42;29;26;48;2;247;242;234m▀[0m[38;2;247;242;234m█[0m[38;2;241;232;223m██[0m[38;2;247;242;234m█[0m [38;2;197;47;60m██[0m [38;2;42;29;26m▄[0m[38;2;42;29;26;48;2;247;242;234m▀[0m [38;2;241;232;223m██[0m[38;2;247;242;234;48;2;42;29;26m▀[0m[38;2;112;71;57;48;2;247;242;234m▀[0m[38;2;247;242;234m█[0m[38;2;42;29;26;48;2;74;43;36m▀[0m[38;2;42;29;26m▄[0m 
 [38;2;74;43;36;48;2;42;29;26m▀[0m[38;2;247;242;234m█[0m[38;2;42;29;26m█[0m[38;2;247;242;234m█[0m[38;2;247;242;234;48;2;36;38;52m▀[0m[38;2;241;232;223;48;2;42;29;26m▀[0m[38;2;241;232;223;48;2;247;242;234m▀[0m[38;2;247;242;234m▀▀[0m[38;2;197;47;60m██[0m [38;2;36;38;52m▀[0m [38;2;247;242;234m▀[0m[38;2;241;232;223m▀[0m[38;2;241;232;223;48;2;36;38;52m▀[0m[38;2;42;29;26m▄[0m[38;2;247;242;234m█[0m[38;2;42;29;26m█[0m[38;2;247;242;234m▀[0m[38;2;74;43;36;48;2;42;29;26m▀[0m 
   [38;2;247;242;234m▀[0m[38;2;42;29;26m▄[0m[38;2;247;242;234m▄[0m[38;2;247;242;234;48;2;42;29;26m▀[0m[38;2;36;38;52m▀[0m[38;2;247;242;234;48;2;36;38;52m▀[0m[38;2;36;38;52m█[0m[38;2;197;47;60;48;2;36;38;52m▀▀[0m[38;2;247;242;234;48;2;36;38;52m▀[0m[38;2;247;242;234m▄[0m[38;2;36;38;52m▀[0m[38;2;36;38;52;48;2;42;29;26m▀[0m[38;2;247;242;234m▀▄[0m[38;2;42;29;26m█[0m[38;2;247;242;234m█[0m    
        [38;2;20;24;32m██[0m[38;2;247;242;234m▄[0m [38;2;247;242;234m▄[0m[38;2;247;242;234;48;2;42;29;26m▀[0m[38;2;20;24;32m██[0m        
      [38;2;247;242;234m▄[0m[38;2;42;29;26m▄[0m[38;2;20;24;32;48;2;75;38;36m▀▀[0m[38;2;247;242;234m▀[0m  [38;2;247;242;234;48;2;42;29;26m▀[0m[38;2;20;24;32;48;2;75;38;36m▀▀[0m[38;2;247;242;234m▄[0m       
       [38;2;247;242;234m▀[0m[38;2;75;38;36m▀▀[0m    [38;2;75;38;36m▀▀[0m[38;2;247;242;234m▀[0m       
frame 2/2
                        
     [38;2;74;43;36m▄▄▄█[0m[38;2;74;43;36;48;2;42;29;26m▀[0m[38;2;74;43;36m███████▄▄[0m[38;2;247;242;234m▄▄▄[0m  
   [38;2;247;242;234m▄[0m[38;2;74;43;36m█[0m[38;2;42;29;26;48;2;74;43;36m▀[0m[38;2;74;43;36m███[0m[38;2;42;29;26;48;2;247;242;234m▀[0m[38;2;74;43;36m█[0m[38;2;74;43;36;48;2;112;71;57m▀▀[0m[38;2;42;29;26;48;2;74;43;36m▀[0m[38;2;74;43;36;48;2;112;71;57m▀[0m[38;2;42;29;26;48;2;112;71;57m▀[0m[38;2;112;71;57;48;2;42;29;26m▀[0m[38;2;112;71;57;48;2;74;43;36m▀[0m[38;2;74;43;36m▄[0m[38;2;42;29;26;48;2;247;242;234m▀[0m[38;2;247;242;234;48;2;74;43;36m▀▀[0m[38;2;247;242;234m▀[0m 
  [38;2;247;242;234m█[0m[38;2;74;43;36;48;2;42;29;26m▀[0m[38;2;74;43;36;48;2;247;242;234m▀[0m[38;2;74;43;36m█[0m[38;2;42;29;26;48;2;247;242;234m▀[0m[38;2;74;43;36;48;2;42;29;26m▀[0m[38;2;74;43;36m█[0m[38;2;247;242;234;48;2;74;43;36m▀[0m[38;2;74;43;36;48;2;42;29;26m▀[0m[38;2;74;43;36m█[0m[38;2;74;43;36;48;2;247;242;234m▀[0m[38;2;247;242;234;48;2;255;208;180m▀[0m[38;2;112;71;57;48;2;255;208;180m▀[0m[38;2;74;43;36;48;2;42;29;26m▀▀[0m[38;2;74;43;36m██[0m[38;2;247;242;234;48;2;112;71;57m▀[0m[38;2;74;43;36;48;2;247;242;234m▀▀[0m  
  [38;2;247;242;234m▀█[0m[38;2;42;29;26;48;2;74;43;36m▀[0m[38;2;74;43;36m█[0m[38;2;247;242;234m█[0m[38;2;247;242;234;48;2;74;43;36m▀[0m [38;2;75;169;255;48;2;21;58;120m▀▀[0m[38;2;74;43;36;48;2;255;208;180m▀[0m[38;2;247;242;234;48;2;42;29;26m▀[0m[38;2;75;169;255m█[0m [38;2;247;242;234;48;2;36;38;52m▀[0m[38;2;74;43;36;48;2;42;29;26m▀[0m[38;2;42;29;26;48;2;74;43;36m▀[0m[38;2;74;43;36;48;2;247;242;234m▀[0m[38;2;112;71;57;48;2;247;242;234m▀[0m[38;2;247;242;234;48;2;74;43;36m▀[0m[38;2;247;242;234m▀[0m  
   [38;2;42;29;26m▀[0m[38;2;247;242;234m█[0m[38;2;74;43;36;48;2;247;242;234m▀[0m[38;2;247;242;234;48;2;241;232;223m▀[0m[38;2;255;208;180;48;2;241;232;223m▀[0m[38;2;255;208;180m▄▄[0m[38;2;255;208;180;48;2;197;47;60m▀▀[0m[38;2;255;208;180m██▄▀[0m[38;2;241;232;223m▄[0m[38;2;74;43;36;48;2;241;232;223m▀[0m[38;2;247;242;234;48;2;42;29;26m▀[0m[38;2;247;242;234;48;2;112;71;57m▀[0m[38;2;74;43;36;48;2;247;242;234m▀[0m[38;2;247;242;234m▄[0m  
 [38;2;247;242;234m▄[0m[38;2;42;29;26;48;2;74;43;36m▀[0m[38;2;42;29;26m█[0m[38;2;42;29;26;48;2;247;242;234m▀[0m[38;2;247;242;234m█[0m[38;2;241;232;223m██[0m[38;2;247;242;234m█[0m [38;2;197;47;60m██[0m [38;2;42;29;26m▄[0m[38;2;42;29;26;48;2;247;242;234m▀[0m [38;2;241;232;223m██[0m[38;2;247;242;234;48;2;42;29;26m▀[0m[38;2;112;71;57;48;2;247;242;234m▀[0m[38;2;247;242;234m█[0m[38;2;42;29;26;48;2;74;43;36m▀[0m[38;2;42;29;26m▄[0m 
 [38;2;74;43;36;48;2;42;29;26m▀[0m[38;2;247;242;234m█[0m[38;2;42;29;26m█[0m[38;2;247;242;234m█[0m[38;2;247;242;234;48;2;36;38;52m▀[0m[38;2;241;232;223;48;2;42;29;26m▀[0m[38;2;241;232;223;48;2;247;242;234m▀[0m[38;2;247;242;234m▀▀[0m[38;2;197;47;60m██[0m [38;2;36;38;52m▀[0m [38;2;247;242;234m▀[0m[38;2;241;232;223m▀[0m[38;2;241;232;223;48;2;36;38;52m▀[0m[38;2;42;29;26m▄[0m[38;2;247;242;234m█[0m[38;2;42;29;26m█[0m[38;2;247;242;234m▀[0m[38;2;74;43;36;48;2;42;29;26m▀[0m 
   [38;2;247;242;234m▀[0m[38;2;42;29;26m▄[0m[38;2;247;242;234m▄[0m[38;2;247;242;234;48;2;42;29;26m▀[0m[38;2;36;38;52m▀[0m[38;2;247;242;234;48;2;36;38;52m▀[0m[38;2;36;38;52m█[0m[38;2;197;47;60;48;2;36;38;52m▀▀[0m[38;2;247;242;234;48;2;36;38;52m▀[0m[38;2;247;242;234m▄[0m[38;2;36;38;52m▀[0m[38;2;36;38;52;48;2;42;29;26m▀[0m[38;2;247;242;234m▀▄[0m[38;2;42;29;26m█[0m[38;2;247;242;234m█[0m    
        [38;2;20;24;32m██[0m[38;2;247;242;234m▄[0m [38;2;247;242;234m▄[0m[38;2;247;242;234;48;2;42;29;26m▀[0m[38;2;20;24;32m██[0m        
      [38;2;247;242;234m▄[0m[38;2;42;29;26m▄[0m[38;2;20;24;32;48;2;75;38;36m▀▀[0m[38;2;247;242;234m▀[0m  [38;2;247;242;234;48;2;42;29;26m▀[0m[38;2;20;24;32;48;2;75;38;36m▀▀[0m[38;2;247;242;234m▄[0m       
       [38;2;247;242;234m▀[0m[38;2;75;38;36m▀▀[0m    [38;2;75;38;36m▀▀[0m[38;2;247;242;234m▀[0m       

## working (2 frames)
frame 1/2
                        
     [38;2;74;43;36m▄▄▄█[0m[38;2;74;43;36;48;2;42;29;26m▀[0m[38;2;74;43;36m███████▄▄[0m[38;2;247;242;234m▄▄▄[0m  
   [38;2;247;242;234m▄[0m[38;2;74;43;36m█[0m[38;2;42;29;26;48;2;74;43;36m▀[0m[38;2;74;43;36m███[0m[38;2;42;29;26;48;2;247;242;234m▀[0m[38;2;74;43;36m█[0m[38;2;74;43;36;48;2;112;71;57m▀▀[0m[38;2;42;29;26;48;2;74;43;36m▀[0m[38;2;74;43;36;48;2;112;71;57m▀[0m[38;2;42;29;26;48;2;112;71;57m▀[0m[38;2;74;43;36;48;2;42;29;26m▀[0m[38;2;112;71;57;48;2;74;43;36m▀▀[0m[38;2;42;29;26;48;2;247;242;234m▀[0m[38;2;247;242;234;48;2;74;43;36m▀▀[0m[38;2;247;242;234m▀[0m 
  [38;2;247;242;234m█[0m[38;2;74;43;36;48;2;42;29;26m▀[0m[38;2;74;43;36;48;2;247;242;234m▀[0m[38;2;74;43;36m█[0m[38;2;42;29;26;48;2;247;242;234m▀[0m[38;2;74;43;36;48;2;42;29;26m▀[0m[38;2;74;43;36m█[0m[38;2;247;242;234;48;2;74;43;36m▀[0m[38;2;74;43;36;48;2;42;29;26m▀[0m[38;2;74;43;36m█[0m[38;2;74;43;36;48;2;247;242;234m▀[0m[38;2;247;242;234;48;2;255;208;180m▀[0m[38;2;112;71;57;48;2;255;208;180m▀[0m[38;2;74;43;36;48;2;42;29;26m▀▀[0m[38;2;74;43;36m██[0m[38;2;247;242;234;48;2;112;71;57m▀[0m[38;2;74;43;36;48;2;247;242;234m▀▀[0m  
  [38;2;247;242;234m▀█[0m[38;2;42;29;26;48;2;74;43;36m▀[0m[38;2;74;43;36m█[0m[38;2;247;242;234m█[0m[38;2;247;242;234;48;2;74;43;36m▀[0m[38;2;247;242;234;48;2;75;169;255m▀▀[0m[38;2;74;43;36;48;2;255;208;180m▀▀[0m[38;2;247;242;234;48;2;42;29;26m▀[0m[38;2;255;208;180;48;2;74;43;36m▀[0m[38;2;247;242;234;48;2;75;169;255m▀[0m[38;2;247;242;234;48;2;36;38;52m▀[0m[38;2;74;43;36;48;2;42;29;26m▀[0m[38;2;42;29;26;48;2;74;43;36m▀[0m[38;2;74;43;36;48;2;247;242;234m▀[0m[38;2;112;71;57;48;2;247;242;234m▀[0m[38;2;247;242;234;48;2;74;43;36m▀[0m[38;2;247;242;234m▀[0m  
   [38;2;42;29;26m▀[0m[38;2;247;242;234m█[0m[38;2;74;43;36;48;2;247;242;234m▀[0m[38;2;247;242;234;48;2;241;232;223m▀[0m[38;2;255;208;180;48;2;241;232;223m▀[0m[38;2;21;58;120;48;2;255;208;180m▀▀[0m[38;2;255;208;180;48;2;197;47;60m▀▀[0m[38;2;255;208;180m██[0m[38;2;75;169;255;48;2;255;208;180m▀[0m[38;2;255;208;180m▀[0m[38;2;241;232;223m▄[0m[38;2;74;43;36;48;2;241;232;223m▀[0m[38;2;247;242;234;48;2;42;29;26m▀[0m[38;2;247;242;234;48;2;112;71;57m▀[0m[38;2;74;43;36;48;2;247;242;234m▀[0m[38;2;247;242;234m▄[0m  
 [38;2;247;242;234m▄[0m[38;2;42;29;26;48;2;74;43;36m▀[0m[38;2;42;29;26m█[0m[38;2;42;29;26;48;2;247;242;234m▀[0m[38;2;247;242;234m█[0m[38;2;241;232;223m██[0m[38;2;247;242;234m█[0m [38;2;197;47;60m██[0m [38;2;42;29;26m▄[0m[38;2;42;29;26;48;2;247;242;234m▀[0m [38;2;241;232;223m██[0m[38;2;247;242;234;48;2;42;29;26m▀[0m[38;2;112;71;57;48;2;247;242;234m▀[0m[38;2;247;242;234m█[0m[38;2;42;29;26;48;2;74;43;36m▀[0m[38;2;42;29;26m▄[0m 
 [38;2;74;43;36;48;2;42;29;26m▀[0m[38;2;247;242;234m█[0m[38;2;42;29;26m█[0m[38;2;247;242;234m█[0m[38;2;247;242;234;48;2;36;38;52m▀[0m[38;2;241;232;223m██[0m[38;2;247;242;234m▀▀[0m[38;2;197;47;60m██[0m [38;2;36;38;52m▀[0m [38;2;247;242;234m▀[0m[38;2;241;232;223m██[0m[38;2;42;29;26m▄[0m[38;2;247;242;234m█[0m[38;2;42;29;26m█[0m[38;2;247;242;234m▀[0m[38;2;74;43;36;48;2;42;29;26m▀[0m 
   [38;2;247;242;234m▀[0m[38;2;42;29;26m▄[0m[38;2;247;242;234m▄[0m[38;2;241;232;223;48;2;42;29;26m▀[0m[38;2;241;232;223m▀[0m[38;2;247;242;234;48;2;36;38;52m▀[0m[38;2;36;38;52m█[0m[38;2;197;47;60;48;2;36;38;52m▀▀[0m[38;2;247;242;234;48;2;36;38;52m▀[0m[38;2;247;242;234m▄[0m[38;2;36;38;52m▀[0m[38;2;36;38;52;48;2;42;29;26m▀[0m[38;2;241;232;223m▀[0m[38;2;241;232;223;48;2;247;242;234m▀[0m[38;2;42;29;26m█[0m[38;2;247;242;234m█[0m    
        [38;2;20;24;32m██[0m[38;2;247;242;234m▄[0m [38;2;247;242;234m▄[0m[38;2;247;242;234;48;2;42;29;26m▀[0m[38;2;20;24;32m██[0m        
      [38;2;247;242;234m▄[0m[38;2;42;29;26m▄[0m[38;2;20;24;32;48;2;75;38;36m▀▀[0m[38;2;247;242;234m▀[0m  [38;2;247;242;234;48;2;42;29;26m▀[0m[38;2;20;24;32;48;2;75;38;36m▀▀[0m[38;2;247;242;234m▄[0m       
       [38;2;247;242;234m▀[0m[38;2;75;38;36m▀▀[0m    [38;2;75;38;36m▀▀[0m[38;2;247;242;234m▀[0m       
frame 2/2
                        
     [38;2;74;43;36m▄▄▄█[0m[38;2;74;43;36;48;2;42;29;26m▀[0m[38;2;74;43;36m███████▄▄[0m[38;2;247;242;234m▄▄▄[0m  
   [38;2;247;242;234m▄[0m[38;2;74;43;36m█[0m[38;2;42;29;26;48;2;74;43;36m▀[0m[38;2;74;43;36m███[0m[38;2;42;29;26;48;2;247;242;234m▀[0m[38;2;74;43;36m█[0m[38;2;74;43;36;48;2;112;71;57m▀▀[0m[38;2;42;29;26;48;2;74;43;36m▀[0m[38;2;74;43;36;48;2;112;71;57m▀[0m[38;2;42;29;26;48;2;112;71;57m▀[0m[38;2;74;43;36;48;2;42;29;26m▀[0m[38;2;112;71;57;48;2;74;43;36m▀▀[0m[38;2;42;29;26;48;2;247;242;234m▀[0m[38;2;247;242;234;48;2;74;43;36m▀▀[0m[38;2;247;242;234m▀[0m 
  [38;2;247;242;234m█[0m[38;2;74;43;36;48;2;42;29;26m▀[0m[38;2;74;43;36;48;2;247;242;234m▀[0m[38;2;74;43;36m█[0m[38;2;42;29;26;48;2;247;242;234m▀[0m[38;2;74;43;36;48;2;42;29;26m▀[0m[38;2;74;43;36m█[0m[38;2;247;242;234;48;2;74;43;36m▀[0m[38;2;74;43;36;48;2;42;29;26m▀[0m[38;2;74;43;36m█[0m[38;2;74;43;36;48;2;247;242;234m▀[0m[38;2;247;242;234;48;2;255;208;180m▀[0m[38;2;112;71;57;48;2;255;208;180m▀[0m[38;2;74;43;36;48;2;42;29;26m▀▀[0m[38;2;74;43;36m██[0m[38;2;247;242;234;48;2;112;71;57m▀[0m[38;2;74;43;36;48;2;247;242;234m▀▀[0m  
  [38;2;247;242;234m▀█[0m[38;2;42;29;26;48;2;74;43;36m▀[0m[38;2;74;43;36m█[0m[38;2;247;242;234m█[0m[38;2;247;242;234;48;2;74;43;36m▀[0m[38;2;247;242;234;48;2;75;169;255m▀▀[0m[38;2;74;43;36;48;2;255;208;180m▀▀[0m[38;2;247;242;234;48;2;42;29;26m▀[0m[38;2;255;208;180;48;2;74;43;36m▀[0m[38;2;247;242;234;48;2;75;169;255m▀[0m[38;2;247;242;234;48;2;36;38;52m▀[0m[38;2;74;43;36;48;2;42;29;26m▀[0m[38;2;42;29;26;48;2;74;43;36m▀[0m[38;2;74;43;36;48;2;247;242;234m▀[0m[38;2;112;71;57;48;2;247;242;234m▀[0m[38;2;247;242;234;48;2;74;43;36m▀[0m[38;2;247;242;234m▀[0m  
   [38;2;42;29;26m▀[0m[38;2;247;242;234m█[0m[38;2;74;43;36;48;2;247;242;234m▀[0m[38;2;247;242;234;48;2;241;232;223m▀[0m[38;2;255;208;180;48;2;241;232;223m▀[0m[38;2;21;58;120;48;2;255;208;180m▀▀[0m[38;2;255;208;180;48;2;197;47;60m▀▀[0m[38;2;255;208;180m██[0m[38;2;75;169;255;48;2;255;208;180m▀[0m[38;2;255;208;180m▀[0m[38;2;241;232;223m▄[0m[38;2;74;43;36;48;2;241;232;223m▀[0m[38;2;247;242;234;48;2;42;29;26m▀[0m[38;2;247;242;234;48;2;112;71;57m▀[0m[38;2;74;43;36;48;2;247;242;234m▀[0m[38;2;247;242;234m▄[0m  
 [38;2;247;242;234m▄[0m[38;2;42;29;26;48;2;74;43;36m▀[0m[38;2;42;29;26m█[0m[38;2;42;29;26;48;2;247;242;234m▀[0m[38;2;247;242;234m█[0m[38;2;241;232;223m██[0m[38;2;247;242;234m█[0m [38;2;197;47;60m██[0m [38;2;42;29;26m▄[0m[38;2;42;29;26;48;2;247;242;234m▀[0m [38;2;241;232;223m██[0m[38;2;247;242;234;48;2;42;29;26m▀[0m[38;2;112;71;57;48;2;247;242;234m▀[0m[38;2;247;242;234m█[0m[38;2;42;29;26;48;2;74;43;36m▀[0m[38;2;42;29;26m▄[0m 
 [38;2;74;43;36;48;2;42;29;26m▀[0m[38;2;247;242;234m█[0m[38;2;42;29;26m█[0m[38;2;247;242;234m█[0m[38;2;247;242;234;48;2;36;38;52m▀[0m[38;2;241;232;223m▀█[0m[38;2;247;242;234;48;2;241;232;223m▀[0m[38;2;247;242;234m▀[0m[38;2;197;47;60m██[0m [38;2;36;38;52m▀[0m [38;2;247;242;234;48;2;241;232;223m▀[0m[38;2;241;232;223m█▀[0m[38;2;42;29;26m▄[0m[38;2;247;242;234m█[0m[38;2;42;29;26m█[0m[38;2;247;242;234m▀[0m[38;2;74;43;36;48;2;42;29;26m▀[0m 
   [38;2;247;242;234m▀[0m[38;2;42;29;26m▄[0m[38;2;247;242;234m▄[0m[38;2;42;29;26m▄[0m[38;2;241;232;223m▀[0m[38;2;241;232;223;48;2;36;38;52m▀[0m[38;2;36;38;52m█[0m[38;2;197;47;60;48;2;36;38;52m▀▀[0m[38;2;247;242;234;48;2;36;38;52m▀[0m[38;2;247;242;234m▄[0m[38;2;36;38;52m▀[0m[38;2;241;232;223;48;2;42;29;26m▀[0m[38;2;241;232;223m▀[0m[38;2;247;242;234m▄[0m[38;2;42;29;26m█[0m[38;2;247;242;234m█[0m    
        [38;2;20;24;32m██[0m[38;2;247;242;234m▄[0m [38;2;247;242;234m▄[0m[38;2;247;242;234;48;2;42;29;26m▀[0m[38;2;20;24;32m██[0m        
      [38;2;247;242;234m▄[0m[38;2;42;29;26m▄[0m[38;2;20;24;32;48;2;75;38;36m▀▀[0m[38;2;247;242;234m▀[0m  [38;2;247;242;234;48;2;42;29;26m▀[0m[38;2;20;24;32;48;2;75;38;36m▀▀[0m[38;2;247;242;234m▄[0m       
       [38;2;247;242;234m▀[0m[38;2;75;38;36m▀▀[0m    [38;2;75;38;36m▀▀[0m[38;2;247;242;234m▀[0m       

## waiting (2 frames)
frame 1/2
                        
     [38;2;74;43;36m▄▄▄█[0m[38;2;74;43;36;48;2;42;29;26m▀[0m[38;2;74;43;36m███████▄▄[0m[38;2;247;242;234m▄▄▄[0m  
   [38;2;247;242;234m▄[0m[38;2;74;43;36m█[0m[38;2;42;29;26;48;2;74;43;36m▀[0m[38;2;74;43;36m███[0m[38;2;42;29;26;48;2;247;242;234m▀[0m[38;2;74;43;36m█[0m[38;2;74;43;36;48;2;112;71;57m▀▀[0m[38;2;42;29;26;48;2;74;43;36m▀[0m[38;2;74;43;36;48;2;112;71;57m▀[0m[38;2;42;29;26;48;2;112;71;57m▀[0m[38;2;74;43;36;48;2;42;29;26m▀[0m[38;2;112;71;57;48;2;74;43;36m▀▀[0m[38;2;42;29;26;48;2;247;242;234m▀[0m[38;2;247;242;234;48;2;74;43;36m▀▀[0m[38;2;247;242;234m▀[0m 
  [38;2;247;242;234m█[0m[38;2;74;43;36;48;2;42;29;26m▀[0m[38;2;74;43;36;48;2;247;242;234m▀[0m[38;2;74;43;36m█[0m[38;2;42;29;26;48;2;247;242;234m▀[0m[38;2;74;43;36;48;2;42;29;26m▀[0m[38;2;74;43;36m█[0m[38;2;247;242;234;48;2;74;43;36m▀[0m[38;2;74;43;36;48;2;42;29;26m▀[0m[38;2;74;43;36m█[0m[38;2;74;43;36;48;2;247;242;234m▀[0m[38;2;247;242;234;48;2;255;208;180m▀[0m[38;2;112;71;57;48;2;255;208;180m▀[0m[38;2;74;43;36;48;2;42;29;26m▀▀[0m[38;2;74;43;36m██[0m[38;2;247;242;234;48;2;112;71;57m▀[0m[38;2;74;43;36;48;2;247;242;234m▀▀[0m  
  [38;2;247;242;234m▀█[0m[38;2;42;29;26;48;2;74;43;36m▀[0m[38;2;74;43;36m█[0m[38;2;247;242;234m█[0m[38;2;247;242;234;48;2;74;43;36m▀[0m[38;2;75;169;255;48;2;21;58;120m▀▀[0m[38;2;74;43;36;48;2;255;208;180m▀▀[0m[38;2;247;242;234;48;2;42;29;26m▀[0m[38;2;255;208;180;48;2;74;43;36m▀[0m[38;2;75;169;255m█[0m[38;2;247;242;234;48;2;36;38;52m▀[0m[38;2;74;43;36;48;2;42;29;26m▀[0m[38;2;42;29;26;48;2;74;43;36m▀[0m[38;2;74;43;36;48;2;247;242;234m▀[0m[38;2;112;71;57;48;2;247;242;234m▀[0m[38;2;247;242;234;48;2;74;43;36m▀[0m[38;2;247;242;234m▀[0m  
   [38;2;42;29;26m▀[0m[38;2;247;242;234m█[0m[38;2;74;43;36;48;2;247;242;234m▀[0m[38;2;247;242;234;48;2;241;232;223m▀[0m[38;2;255;208;180;48;2;241;232;223m▀[0m[38;2;255;208;180m▄▄[0m[38;2;255;208;180;48;2;197;47;60m▀▀[0m[38;2;255;208;180m██▄▀[0m[38;2;241;232;223m▄[0m[38;2;74;43;36;48;2;241;232;223m▀[0m[38;2;247;242;234;48;2;42;29;26m▀[0m[38;2;247;242;234;48;2;112;71;57m▀[0m[38;2;74;43;36;48;2;247;242;234m▀[0m[38;2;247;242;234m▄[0m  
 [38;2;247;242;234m▄[0m[38;2;42;29;26;48;2;74;43;36m▀[0m[38;2;42;29;26m█[0m[38;2;42;29;26;48;2;247;242;234m▀[0m[38;2;247;242;234m█[0m[38;2;241;232;223m██[0m[38;2;247;242;234m█[0m [38;2;197;47;60m██[0m [38;2;42;29;26m▄[0m[38;2;42;29;26;48;2;247;242;234m▀[0m [38;2;241;232;223m██[0m[38;2;247;242;234;48;2;42;29;26m▀[0m[38;2;112;71;57;48;2;247;242;234m▀[0m[38;2;247;242;234m█[0m[38;2;42;29;26;48;2;74;43;36m▀[0m[38;2;42;29;26m▄[0m 
 [38;2;74;43;36;48;2;42;29;26m▀[0m[38;2;247;242;234m█[0m[38;2;42;29;26m█[0m[38;2;247;242;234m█[0m[38;2;247;242;234;48;2;36;38;52m▀[0m[38;2;241;232;223;48;2;42;29;26m▀[0m[38;2;241;232;223;48;2;247;242;234m▀[0m[38;2;247;242;234m▀▀[0m[38;2;197;47;60m██[0m [38;2;36;38;52m▀[0m [38;2;247;242;234m▀[0m[38;2;241;232;223m▀[0m[38;2;241;232;223;48;2;36;38;52m▀[0m[38;2;42;29;26m▄[0m[38;2;247;242;234m█[0m[38;2;42;29;26m█[0m[38;2;247;242;234m▀[0m[38;2;74;43;36;48;2;42;29;26m▀[0m 
   [38;2;247;242;234m▀[0m[38;2;42;29;26m▄[0m[38;2;247;242;234m▄[0m[38;2;247;242;234;48;2;42;29;26m▀[0m[38;2;36;38;52m▀[0m[38;2;247;242;234;48;2;36;38;52m▀[0m[38;2;36;38;52m█[0m[38;2;197;47;60;48;2;36;38;52m▀[0m[38;2;197;47;60;48;2;241;232;223m▀[0m[38;2;247;242;234;48;2;241;232;223m▀[0m[38;2;247;242;234m▄[0m[38;2;36;38;52m▀[0m[38;2;36;38;52;48;2;42;29;26m▀[0m[38;2;247;242;234m▀▄[0m[38;2;42;29;26m█[0m[38;2;247;242;234m█[0m    
        [38;2;20;24;32m██[0m[38;2;247;242;234m▄[0m [38;2;247;242;234m▄[0m[38;2;247;242;234;48;2;42;29;26m▀[0m[38;2;20;24;32m██[0m        
      [38;2;247;242;234m▄[0m[38;2;42;29;26m▄[0m[38;2;20;24;32;48;2;75;38;36m▀▀[0m[38;2;247;242;234m▀[0m  [38;2;247;242;234;48;2;42;29;26m▀[0m[38;2;20;24;32;48;2;75;38;36m▀▀[0m[38;2;247;242;234m▄[0m       
       [38;2;247;242;234m▀[0m[38;2;75;38;36m▀▀[0m    [38;2;75;38;36m▀▀[0m[38;2;247;242;234m▀[0m       
frame 2/2
                        
     [38;2;74;43;36m▄▄▄█[0m[38;2;74;43;36;48;2;42;29;26m▀[0m[38;2;74;43;36m███████▄▄[0m[38;2;247;242;234m▄▄▄[0m  
   [38;2;247;242;234m▄[0m[38;2;74;43;36m█[0m[38;2;42;29;26;48;2;74;43;36m▀[0m[38;2;74;43;36m███[0m[38;2;42;29;26;48;2;247;242;234m▀[0m[38;2;74;43;36m█[0m[38;2;74;43;36;48;2;112;71;57m▀▀[0m[38;2;42;29;26;48;2;74;43;36m▀[0m[38;2;74;43;36;48;2;112;71;57m▀[0m[38;2;42;29;26;48;2;112;71;57m▀[0m[38;2;74;43;36;48;2;42;29;26m▀[0m[38;2;112;71;57;48;2;74;43;36m▀▀[0m[38;2;42;29;26;48;2;247;242;234m▀[0m[38;2;247;242;234;48;2;74;43;36m▀▀[0m[38;2;247;242;234m▀[0m 
  [38;2;247;242;234m█[0m[38;2;74;43;36;48;2;42;29;26m▀[0m[38;2;74;43;36;48;2;247;242;234m▀[0m[38;2;74;43;36m█[0m[38;2;42;29;26;48;2;247;242;234m▀[0m[38;2;74;43;36;48;2;42;29;26m▀[0m[38;2;74;43;36m█[0m[38;2;247;242;234;48;2;74;43;36m▀[0m[38;2;74;43;36;48;2;42;29;26m▀[0m[38;2;74;43;36m█[0m[38;2;74;43;36;48;2;247;242;234m▀[0m[38;2;247;242;234;48;2;255;208;180m▀[0m[38;2;112;71;57;48;2;255;208;180m▀[0m[38;2;74;43;36;48;2;42;29;26m▀▀[0m[38;2;74;43;36m██[0m[38;2;247;242;234;48;2;112;71;57m▀[0m[38;2;74;43;36;48;2;247;242;234m▀▀[0m  
  [38;2;247;242;234m▀█[0m[38;2;42;29;26;48;2;74;43;36m▀[0m[38;2;74;43;36m█[0m[38;2;247;242;234m█[0m[38;2;247;242;234;48;2;74;43;36m▀[0m[38;2;247;242;234;48;2;75;169;255m▀▀[0m[38;2;74;43;36;48;2;255;208;180m▀▀[0m[38;2;247;242;234;48;2;42;29;26m▀[0m[38;2;255;208;180;48;2;74;43;36m▀[0m[38;2;247;242;234;48;2;75;169;255m▀[0m[38;2;247;242;234;48;2;36;38;52m▀[0m[38;2;74;43;36;48;2;42;29;26m▀[0m[38;2;42;29;26;48;2;74;43;36m▀[0m[38;2;74;43;36;48;2;247;242;234m▀[0m[38;2;112;71;57;48;2;247;242;234m▀[0m[38;2;247;242;234;48;2;74;43;36m▀[0m[38;2;247;242;234m▀[0m  
   [38;2;42;29;26m▀[0m[38;2;247;242;234m█[0m[38;2;74;43;36;48;2;247;242;234m▀[0m[38;2;247;242;234;48;2;241;232;223m▀[0m[38;2;255;208;180;48;2;241;232;223m▀[0m[38;2;21;58;120;48;2;255;208;180m▀▀[0m[38;2;255;208;180;48;2;197;47;60m▀▀[0m[38;2;255;208;180m██[0m[38;2;75;169;255;48;2;255;208;180m▀[0m[38;2;255;208;180m▀[0m[38;2;241;232;223m▄[0m[38;2;74;43;36;48;2;241;232;223m▀[0m[38;2;247;242;234;48;2;42;29;26m▀[0m[38;2;247;242;234;48;2;112;71;57m▀[0m[38;2;74;43;36;48;2;247;242;234m▀[0m[38;2;247;242;234m▄[0m  
 [38;2;247;242;234m▄[0m[38;2;42;29;26;48;2;74;43;36m▀[0m[38;2;42;29;26m█[0m[38;2;42;29;26;48;2;247;242;234m▀[0m[38;2;247;242;234m█[0m[38;2;241;232;223m██[0m[38;2;247;242;234m█[0m [38;2;197;47;60m██[0m [38;2;42;29;26m▄[0m[38;2;42;29;26;48;2;247;242;234m▀[0m [38;2;241;232;223m██[0m[38;2;247;242;234;48;2;42;29;26m▀[0m[38;2;112;71;57;48;2;247;242;234m▀[0m[38;2;247;242;234m█[0m[38;2;42;29;26;48;2;74;43;36m▀[0m[38;2;42;29;26m▄[0m 
 [38;2;74;43;36;48;2;42;29;26m▀[0m[38;2;247;242;234m█[0m[38;2;42;29;26m█[0m[38;2;247;242;234m█[0m[38;2;247;242;234;48;2;36;38;52m▀[0m[38;2;241;232;223;48;2;42;29;26m▀[0m[38;2;241;232;223;48;2;247;242;234m▀[0m[38;2;247;242;234m▀▀[0m[38;2;197;47;60m██[0m [38;2;36;38;52m▀[0m [38;2;247;242;234m▀[0m[38;2;241;232;223m▀[0m[38;2;241;232;223;48;2;36;38;52m▀[0m[38;2;42;29;26m▄[0m[38;2;247;242;234m█[0m[38;2;42;29;26m█[0m[38;2;247;242;234m▀[0m[38;2;74;43;36;48;2;42;29;26m▀[0m 
   [38;2;247;242;234m▀[0m[38;2;42;29;26m▄[0m[38;2;247;242;234m▄[0m[38;2;247;242;234;48;2;42;29;26m▀[0m[38;2;36;38;52m▀[0m[38;2;247;242;234;48;2;36;38;52m▀[0m[38;2;36;38;52m█[0m[38;2;197;47;60;48;2;36;38;52m▀[0m[38;2;197;47;60;48;2;241;232;223m▀[0m[38;2;247;242;234;48;2;241;232;223m▀[0m[38;2;247;242;234m▄[0m[38;2;36;38;52m▀[0m[38;2;36;38;52;48;2;42;29;26m▀[0m[38;2;247;242;234m▀▄[0m[38;2;42;29;26m█[0m[38;2;247;242;234m█[0m    
        [38;2;20;24;32m██[0m[38;2;247;242;234m▄[0m [38;2;247;242;234m▄[0m[38;2;247;242;234;48;2;42;29;26m▀[0m[38;2;20;24;32m██[0m        
      [38;2;247;242;234m▄[0m[38;2;42;29;26m▄[0m[38;2;20;24;32;48;2;75;38;36m▀▀[0m[38;2;247;242;234m▀[0m  [38;2;247;242;234;48;2;42;29;26m▀[0m[38;2;20;24;32;48;2;75;38;36m▀▀[0m[38;2;247;242;234m▄[0m       
       [38;2;247;242;234m▀[0m[38;2;75;38;36m▀▀[0m    [38;2;75;38;36m▀▀[0m[38;2;247;242;234m▀[0m       

## success (1 frame)
frame 1/1
                        
     [38;2;74;43;36m▄▄▄█[0m[38;2;74;43;36;48;2;42;29;26m▀[0m[38;2;74;43;36m███████▄▄[0m[38;2;247;242;234m▄▄▄[0m  
   [38;2;247;242;234m▄[0m[38;2;74;43;36m█[0m[38;2;42;29;26;48;2;74;43;36m▀[0m[38;2;74;43;36m███[0m[38;2;42;29;26;48;2;247;242;234m▀[0m[38;2;74;43;36m█[0m[38;2;74;43;36;48;2;112;71;57m▀▀[0m[38;2;42;29;26;48;2;74;43;36m▀[0m[38;2;74;43;36;48;2;112;71;57m▀[0m[38;2;42;29;26;48;2;112;71;57m▀[0m[38;2;74;43;36;48;2;42;29;26m▀[0m[38;2;112;71;57;48;2;74;43;36m▀▀[0m[38;2;42;29;26;48;2;247;242;234m▀[0m[38;2;247;242;234;48;2;74;43;36m▀▀[0m[38;2;247;242;234m▀[0m 
  [38;2;247;242;234m█[0m[38;2;74;43;36;48;2;42;29;26m▀[0m[38;2;74;43;36;48;2;247;242;234m▀[0m[38;2;74;43;36m█[0m[38;2;42;29;26;48;2;247;242;234m▀[0m[38;2;74;43;36;48;2;42;29;26m▀[0m[38;2;74;43;36m█[0m[38;2;247;242;234;48;2;74;43;36m▀[0m[38;2;74;43;36;48;2;42;29;26m▀[0m[38;2;74;43;36m█[0m[38;2;74;43;36;48;2;247;242;234m▀[0m[38;2;247;242;234;48;2;255;208;180m▀[0m[38;2;112;71;57;48;2;255;208;180m▀[0m[38;2;74;43;36;48;2;42;29;26m▀▀[0m[38;2;74;43;36m██[0m[38;2;247;242;234;48;2;112;71;57m▀[0m[38;2;74;43;36;48;2;247;242;234m▀▀[0m  
  [38;2;247;242;234m▀█[0m[38;2;42;29;26;48;2;74;43;36m▀[0m[38;2;74;43;36m█[0m[38;2;247;242;234m█[0m[38;2;247;242;234;48;2;74;43;36m▀[0m[38;2;247;242;234;48;2;75;169;255m▀▀[0m[38;2;74;43;36;48;2;255;208;180m▀▀[0m[38;2;247;242;234;48;2;42;29;26m▀[0m[38;2;255;208;180;48;2;74;43;36m▀[0m[38;2;247;242;234;48;2;75;169;255m▀[0m[38;2;247;242;234;48;2;36;38;52m▀[0m[38;2;74;43;36;48;2;42;29;26m▀[0m[38;2;42;29;26;48;2;74;43;36m▀[0m[38;2;74;43;36;48;2;247;242;234m▀[0m[38;2;112;71;57;48;2;247;242;234m▀[0m[38;2;247;242;234;48;2;74;43;36m▀[0m[38;2;247;242;234m▀[0m  
   [38;2;42;29;26m▀[0m[38;2;247;242;234m█[0m[38;2;74;43;36;48;2;247;242;234m▀[0m[38;2;247;242;234;48;2;241;232;223m▀[0m[38;2;255;208;180;48;2;241;232;223m▀[0m[38;2;21;58;120;48;2;255;208;180m▀▀[0m[38;2;255;208;180;48;2;197;47;60m▀▀[0m[38;2;255;208;180m██[0m[38;2;75;169;255;48;2;255;208;180m▀[0m[38;2;255;208;180m▀[0m[38;2;241;232;223m▄[0m[38;2;74;43;36;48;2;241;232;223m▀[0m[38;2;247;242;234;48;2;42;29;26m▀[0m[38;2;247;242;234;48;2;112;71;57m▀[0m[38;2;74;43;36;48;2;247;242;234m▀[0m[38;2;247;242;234m▄[0m  
 [38;2;247;242;234m▄[0m[38;2;42;29;26;48;2;74;43;36m▀[0m[38;2;42;29;26m█[0m[38;2;42;29;26;48;2;247;242;234m▀[0m[38;2;247;242;234m█[0m[38;2;241;232;223m██[0m[38;2;247;242;234m█[0m [38;2;197;47;60m██[0m [38;2;42;29;26m▄[0m[38;2;42;29;26;48;2;247;242;234m▀[0m [38;2;241;232;223m██[0m[38;2;247;242;234;48;2;42;29;26m▀[0m[38;2;112;71;57;48;2;247;242;234m▀[0m[38;2;247;242;234m█[0m[38;2;42;29;26;48;2;74;43;36m▀[0m[38;2;42;29;26m▄[0m 
 [38;2;74;43;36;48;2;42;29;26m▀[0m[38;2;247;242;234m█[0m[38;2;42;29;26m█[0m[38;2;247;242;234m█[0m[38;2;247;242;234;48;2;36;38;52m▀[0m[38;2;241;232;223;48;2;42;29;26m▀[0m[38;2;241;232;223;48;2;247;242;234m▀[0m[38;2;247;242;234m▀▀[0m[38;2;197;47;60m██[0m [38;2;36;38;52m▀[0m [38;2;247;242;234m▀[0m[38;2;241;232;223m▀[0m[38;2;241;232;223;48;2;36;38;52m▀[0m[38;2;42;29;26m▄[0m[38;2;247;242;234m█[0m[38;2;42;29;26m█[0m[38;2;247;242;234m▀[0m[38;2;74;43;36;48;2;42;29;26m▀[0m 
   [38;2;247;242;234m▀[0m[38;2;42;29;26m▄[0m[38;2;247;242;234m▄[0m[38;2;247;242;234;48;2;42;29;26m▀[0m[38;2;36;38;52m▀[0m[38;2;247;242;234;48;2;36;38;52m▀[0m[38;2;36;38;52m█[0m[38;2;197;47;60;48;2;36;38;52m▀▀[0m[38;2;247;242;234;48;2;36;38;52m▀[0m[38;2;247;242;234m▄[0m[38;2;36;38;52m▀[0m[38;2;36;38;52;48;2;42;29;26m▀[0m[38;2;247;242;234m▀▄[0m[38;2;42;29;26m█[0m[38;2;247;242;234m█[0m    
        [38;2;20;24;32m██[0m[38;2;247;242;234m▄[0m [38;2;247;242;234m▄[0m[38;2;247;242;234;48;2;42;29;26m▀[0m[38;2;20;24;32m██[0m        
      [38;2;247;242;234m▄▄[0m[38;2;20;24;32;48;2;75;38;36m▀▀[0m[38;2;247;242;234m▀[0m  [38;2;247;242;234;48;2;42;29;26m▀[0m[38;2;20;24;32;48;2;75;38;36m▀▀[0m[38;2;247;242;234m▄[0m       
                        

## error (1 frame)
frame 1/1
                        
     [38;2;74;43;36m▄▄▄█[0m[38;2;74;43;36;48;2;42;29;26m▀[0m[38;2;74;43;36m███████▄▄[0m[38;2;247;242;234m▄▄▄[0m  
   [38;2;247;242;234m▄[0m[38;2;74;43;36m█[0m[38;2;42;29;26;48;2;74;43;36m▀[0m[38;2;74;43;36m███[0m[38;2;42;29;26;48;2;247;242;234m▀[0m[38;2;74;43;36m█[0m[38;2;74;43;36;48;2;112;71;57m▀▀[0m[38;2;42;29;26;48;2;74;43;36m▀[0m[38;2;74;43;36;48;2;112;71;57m▀[0m[38;2;42;29;26;48;2;112;71;57m▀[0m[38;2;74;43;36;48;2;42;29;26m▀[0m[38;2;112;71;57;48;2;74;43;36m▀▀[0m[38;2;42;29;26;48;2;247;242;234m▀[0m[38;2;247;242;234;48;2;74;43;36m▀▀[0m[38;2;247;242;234m▀[0m 
  [38;2;247;242;234m█[0m[38;2;74;43;36;48;2;42;29;26m▀[0m[38;2;74;43;36;48;2;247;242;234m▀[0m[38;2;74;43;36m█[0m[38;2;42;29;26;48;2;247;242;234m▀[0m[38;2;74;43;36;48;2;42;29;26m▀[0m[38;2;74;43;36m█[0m[38;2;247;242;234;48;2;74;43;36m▀[0m[38;2;74;43;36;48;2;42;29;26m▀[0m[38;2;74;43;36m█[0m[38;2;74;43;36;48;2;247;242;234m▀[0m[38;2;247;242;234;48;2;255;208;180m▀[0m[38;2;112;71;57;48;2;255;208;180m▀[0m[38;2;74;43;36;48;2;42;29;26m▀▀[0m[38;2;74;43;36m██[0m[38;2;247;242;234;48;2;112;71;57m▀[0m[38;2;74;43;36;48;2;247;242;234m▀▀[0m  
  [38;2;247;242;234m▀█[0m[38;2;42;29;26;48;2;74;43;36m▀[0m[38;2;74;43;36m█[0m[38;2;247;242;234m█[0m[38;2;247;242;234;48;2;74;43;36m▀[0m[38;2;247;242;234;48;2;75;169;255m▀▀[0m[38;2;74;43;36;48;2;255;208;180m▀▀[0m[38;2;247;242;234;48;2;42;29;26m▀[0m[38;2;255;208;180;48;2;74;43;36m▀[0m[38;2;247;242;234;48;2;75;169;255m▀[0m[38;2;247;242;234;48;2;36;38;52m▀[0m[38;2;74;43;36;48;2;42;29;26m▀[0m[38;2;42;29;26;48;2;74;43;36m▀[0m[38;2;74;43;36;48;2;247;242;234m▀[0m[38;2;112;71;57;48;2;247;242;234m▀[0m[38;2;247;242;234;48;2;74;43;36m▀[0m[38;2;247;242;234m▀[0m  
   [38;2;42;29;26m▀[0m[38;2;247;242;234m█[0m[38;2;74;43;36;48;2;247;242;234m▀[0m[38;2;247;242;234;48;2;241;232;223m▀[0m[38;2;255;208;180;48;2;241;232;223m▀[0m[38;2;255;208;180m▄▄[0m[38;2;255;208;180;48;2;197;47;60m▀▀[0m[38;2;255;208;180m██▄▀[0m[38;2;241;232;223m▄[0m[38;2;74;43;36;48;2;241;232;223m▀[0m[38;2;247;242;234;48;2;42;29;26m▀[0m[38;2;247;242;234;48;2;112;71;57m▀[0m[38;2;74;43;36;48;2;247;242;234m▀[0m[38;2;247;242;234m▄[0m  
 [38;2;247;242;234m▄[0m[38;2;42;29;26;48;2;74;43;36m▀[0m[38;2;42;29;26m█[0m[38;2;42;29;26;48;2;247;242;234m▀[0m[38;2;247;242;234m█[0m[38;2;241;232;223m██[0m[38;2;247;242;234m█[0m [38;2;197;47;60m██[0m [38;2;42;29;26m▄[0m[38;2;42;29;26;48;2;247;242;234m▀[0m [38;2;241;232;223m██[0m[38;2;247;242;234;48;2;42;29;26m▀[0m[38;2;112;71;57;48;2;247;242;234m▀[0m[38;2;247;242;234m█[0m[38;2;42;29;26;48;2;74;43;36m▀[0m[38;2;42;29;26m▄[0m 
 [38;2;74;43;36;48;2;42;29;26m▀[0m[38;2;247;242;234m█[0m[38;2;42;29;26m█[0m[38;2;247;242;234m█[0m[38;2;247;242;234;48;2;36;38;52m▀[0m[38;2;241;232;223;48;2;42;29;26m▀[0m[38;2;241;232;223;48;2;247;242;234m▀[0m[38;2;247;242;234m▀▀[0m[38;2;197;47;60m██[0m [38;2;36;38;52m▀[0m [38;2;247;242;234m▀[0m[38;2;241;232;223m▀[0m[38;2;241;232;223;48;2;36;38;52m▀[0m[38;2;42;29;26m▄[0m[38;2;247;242;234m█[0m[38;2;42;29;26m█[0m[38;2;247;242;234m▀[0m[38;2;74;43;36;48;2;42;29;26m▀[0m 
   [38;2;247;242;234m▀[0m[38;2;42;29;26m▄[0m[38;2;247;242;234m▄[0m[38;2;247;242;234;48;2;42;29;26m▀[0m[38;2;36;38;52m▀[0m[38;2;247;242;234;48;2;36;38;52m▀[0m[38;2;36;38;52m█[0m[38;2;197;47;60;48;2;36;38;52m▀▀[0m[38;2;247;242;234;48;2;36;38;52m▀[0m[38;2;247;242;234m▄[0m[38;2;36;38;52m▀[0m[38;2;36;38;52;48;2;42;29;26m▀[0m[38;2;247;242;234m▀▄[0m[38;2;42;29;26m█[0m[38;2;247;242;234m█[0m    
        [38;2;20;24;32m██[0m[38;2;247;242;234m▄[0m [38;2;247;242;234m▄[0m[38;2;247;242;234;48;2;42;29;26m▀[0m[38;2;20;24;32m██[0m        
      [38;2;247;242;234m▄[0m[38;2;42;29;26m▄[0m[38;2;20;24;32;48;2;75;38;36m▀▀[0m[38;2;247;242;234m▀[0m  [38;2;247;242;234;48;2;42;29;26m▀[0m[38;2;20;24;32;48;2;75;38;36m▀▀[0m[38;2;247;242;234m▄[0m       
       [38;2;247;242;234m▀[0m[38;2;75;38;36m▀▀[0m    [38;2;75;38;36m▀▀[0m[38;2;247;242;234m▀[0m       

## retry (2 frames)
frame 1/2
                        
     [38;2;74;43;36m▄▄▄█[0m[38;2;74;43;36;48;2;42;29;26m▀[0m[38;2;74;43;36m███████▄▄[0m[38;2;247;242;234m▄▄▄[0m  
   [38;2;247;242;234m▄[0m[38;2;74;43;36m█[0m[38;2;42;29;26;48;2;74;43;36m▀[0m[38;2;74;43;36m███[0m[38;2;42;29;26;48;2;247;242;234m▀[0m[38;2;74;43;36m█[0m[38;2;74;43;36;48;2;112;71;57m▀▀[0m[38;2;42;29;26;48;2;74;43;36m▀[0m[38;2;74;43;36;48;2;112;71;57m▀[0m[38;2;42;29;26;48;2;112;71;57m▀[0m[38;2;74;43;36;48;2;42;29;26m▀[0m[38;2;112;71;57;48;2;74;43;36m▀▀[0m[38;2;42;29;26;48;2;247;242;234m▀[0m[38;2;247;242;234;48;2;74;43;36m▀▀[0m[38;2;247;242;234m▀[0m 
  [38;2;247;242;234m█[0m[38;2;74;43;36;48;2;42;29;26m▀[0m[38;2;74;43;36;48;2;247;242;234m▀[0m[38;2;74;43;36m█[0m[38;2;42;29;26;48;2;247;242;234m▀[0m[38;2;74;43;36;48;2;42;29;26m▀[0m[38;2;74;43;36m█[0m[38;2;247;242;234;48;2;74;43;36m▀[0m[38;2;74;43;36;48;2;42;29;26m▀[0m[38;2;74;43;36m█[0m[38;2;74;43;36;48;2;247;242;234m▀[0m[38;2;247;242;234;48;2;255;208;180m▀[0m[38;2;112;71;57;48;2;255;208;180m▀[0m[38;2;74;43;36;48;2;42;29;26m▀▀[0m[38;2;74;43;36m██[0m[38;2;247;242;234;48;2;112;71;57m▀[0m[38;2;74;43;36;48;2;247;242;234m▀▀[0m  
  [38;2;247;242;234m▀█[0m[38;2;42;29;26;48;2;74;43;36m▀[0m[38;2;74;43;36m█[0m[38;2;247;242;234m█[0m[38;2;247;242;234;48;2;74;43;36m▀[0m[38;2;247;242;234;48;2;75;169;255m▀▀[0m[38;2;74;43;36;48;2;255;208;180m▀▀[0m[38;2;247;242;234;48;2;42;29;26m▀[0m[38;2;255;208;180;48;2;74;43;36m▀[0m[38;2;247;242;234;48;2;75;169;255m▀[0m[38;2;247;242;234;48;2;36;38;52m▀[0m[38;2;74;43;36;48;2;42;29;26m▀[0m[38;2;42;29;26;48;2;74;43;36m▀[0m[38;2;74;43;36;48;2;247;242;234m▀[0m[38;2;112;71;57;48;2;247;242;234m▀[0m[38;2;247;242;234;48;2;74;43;36m▀[0m[38;2;247;242;234m▀[0m  
   [38;2;42;29;26m▀[0m[38;2;247;242;234m█[0m[38;2;74;43;36;48;2;247;242;234m▀[0m[38;2;247;242;234;48;2;241;232;223m▀[0m[38;2;255;208;180;48;2;241;232;223m▀[0m[38;2;21;58;120;48;2;255;208;180m▀▀[0m[38;2;255;208;180;48;2;197;47;60m▀▀[0m[38;2;255;208;180m██[0m[38;2;75;169;255;48;2;255;208;180m▀[0m[38;2;255;208;180m▀[0m[38;2;241;232;223m▄[0m[38;2;74;43;36;48;2;241;232;223m▀[0m[38;2;247;242;234;48;2;42;29;26m▀[0m[38;2;247;242;234;48;2;112;71;57m▀[0m[38;2;74;43;36;48;2;247;242;234m▀[0m[38;2;247;242;234m▄[0m  
 [38;2;247;242;234m▄[0m[38;2;42;29;26;48;2;74;43;36m▀[0m[38;2;42;29;26m█[0m[38;2;42;29;26;48;2;247;242;234m▀[0m[38;2;247;242;234m█[0m[38;2;241;232;223m██[0m[38;2;247;242;234m█[0m [38;2;197;47;60m██[0m [38;2;42;29;26m▄[0m[38;2;42;29;26;48;2;247;242;234m▀[0m [38;2;241;232;223m██[0m[38;2;247;242;234;48;2;42;29;26m▀[0m[38;2;112;71;57;48;2;247;242;234m▀[0m[38;2;247;242;234m█[0m[38;2;42;29;26;48;2;74;43;36m▀[0m[38;2;42;29;26m▄[0m 
 [38;2;74;43;36;48;2;42;29;26m▀[0m[38;2;247;242;234m█[0m[38;2;42;29;26m█[0m[38;2;247;242;234m█[0m[38;2;247;242;234;48;2;36;38;52m▀[0m[38;2;241;232;223;48;2;42;29;26m▀[0m[38;2;241;232;223;48;2;247;242;234m▀[0m[38;2;247;242;234m▀▀[0m[38;2;197;47;60m██[0m [38;2;36;38;52m▀[0m [38;2;247;242;234m▀[0m[38;2;241;232;223m▀[0m[38;2;241;232;223;48;2;36;38;52m▀[0m[38;2;42;29;26m▄[0m[38;2;247;242;234m█[0m[38;2;42;29;26m█[0m[38;2;247;242;234m▀[0m[38;2;74;43;36;48;2;42;29;26m▀[0m 
   [38;2;247;242;234m▀[0m[38;2;42;29;26m▄[0m[38;2;247;242;234m▄[0m[38;2;247;242;234;48;2;42;29;26m▀[0m[38;2;36;38;52m▀[0m[38;2;247;242;234;48;2;36;38;52m▀[0m[38;2;36;38;52m█[0m[38;2;197;47;60;48;2;36;38;52m▀▀[0m[38;2;247;242;234;48;2;36;38;52m▀[0m[38;2;247;242;234m▄[0m[38;2;36;38;52m▀[0m[38;2;36;38;52;48;2;42;29;26m▀[0m[38;2;247;242;234m▀▄[0m[38;2;42;29;26m█[0m[38;2;247;242;234m█[0m    
        [38;2;20;24;32m██[0m[38;2;247;242;234m▄[0m [38;2;247;242;234m▄[0m[38;2;247;242;234;48;2;42;29;26m▀[0m[38;2;20;24;32m██[0m        
      [38;2;247;242;234m▄[0m[38;2;42;29;26m▄[0m[38;2;20;24;32;48;2;75;38;36m▀▀[0m[38;2;247;242;234m▀[0m  [38;2;247;242;234;48;2;42;29;26m▀[0m[38;2;20;24;32;48;2;75;38;36m▀▀[0m[38;2;247;242;234m▄[0m       
       [38;2;247;242;234m▀[0m[38;2;75;38;36m▀▀[0m    [38;2;75;38;36m▀▀[0m[38;2;247;242;234m▀[0m       
frame 2/2
                        
      [38;2;74;43;36m▄▄▄█[0m[38;2;74;43;36;48;2;42;29;26m▀[0m[38;2;74;43;36m███████▄▄[0m[38;2;247;242;234m▄▄▄[0m 
    [38;2;247;242;234m▄[0m[38;2;74;43;36m█[0m[38;2;42;29;26;48;2;74;43;36m▀[0m[38;2;74;43;36m███[0m[38;2;42;29;26;48;2;247;242;234m▀[0m[38;2;74;43;36m█[0m[38;2;74;43;36;48;2;112;71;57m▀▀[0m[38;2;42;29;26;48;2;74;43;36m▀[0m[38;2;74;43;36;48;2;112;71;57m▀[0m[38;2;42;29;26;48;2;112;71;57m▀[0m[38;2;74;43;36;48;2;42;29;26m▀[0m[38;2;112;71;57;48;2;74;43;36m▀▀[0m[38;2;42;29;26;48;2;247;242;234m▀[0m[38;2;247;242;234;48;2;74;43;36m▀▀[0m 
   [38;2;247;242;234m█[0m[38;2;74;43;36;48;2;42;29;26m▀[0m[38;2;74;43;36;48;2;247;242;234m▀[0m[38;2;74;43;36m█[0m[38;2;42;29;26;48;2;247;242;234m▀[0m[38;2;74;43;36;48;2;42;29;26m▀[0m[38;2;74;43;36m█[0m[38;2;247;242;234;48;2;74;43;36m▀[0m[38;2;74;43;36;48;2;42;29;26m▀[0m[38;2;74;43;36m█[0m[38;2;74;43;36;48;2;247;242;234m▀[0m[38;2;247;242;234;48;2;255;208;180m▀[0m[38;2;112;71;57;48;2;255;208;180m▀[0m[38;2;74;43;36;48;2;42;29;26m▀▀[0m[38;2;74;43;36m██[0m[38;2;247;242;234;48;2;112;71;57m▀[0m[38;2;74;43;36;48;2;247;242;234m▀▀[0m 
   [38;2;247;242;234m▀█[0m[38;2;42;29;26;48;2;74;43;36m▀[0m[38;2;74;43;36m█[0m[38;2;247;242;234m█[0m[38;2;247;242;234;48;2;74;43;36m▀[0m[38;2;247;242;234;48;2;75;169;255m▀▀[0m[38;2;74;43;36;48;2;255;208;180m▀▀[0m[38;2;247;242;234;48;2;42;29;26m▀[0m[38;2;255;208;180;48;2;74;43;36m▀[0m[38;2;247;242;234;48;2;75;169;255m▀[0m[38;2;247;242;234;48;2;36;38;52m▀[0m[38;2;74;43;36;48;2;42;29;26m▀[0m[38;2;42;29;26;48;2;74;43;36m▀[0m[38;2;74;43;36;48;2;247;242;234m▀[0m[38;2;112;71;57;48;2;247;242;234m▀[0m[38;2;247;242;234;48;2;74;43;36m▀[0m[38;2;247;242;234m▀[0m 
    [38;2;42;29;26m▀[0m[38;2;247;242;234m█[0m[38;2;74;43;36;48;2;247;242;234m▀[0m[38;2;247;242;234;48;2;241;232;223m▀[0m[38;2;255;208;180;48;2;241;232;223m▀[0m[38;2;21;58;120;48;2;255;208;180m▀▀[0m[38;2;255;208;180;48;2;197;47;60m▀▀[0m[38;2;255;208;180m██[0m[38;2;75;169;255;48;2;255;208;180m▀[0m[38;2;255;208;180m▀[0m[38;2;241;232;223m▄[0m[38;2;74;43;36;48;2;241;232;223m▀[0m[38;2;247;242;234;48;2;42;29;26m▀[0m[38;2;247;242;234;48;2;112;71;57m▀[0m[38;2;74;43;36;48;2;247;242;234m▀[0m[38;2;247;242;234m▄[0m 
 [38;2;247;242;234m▄[0m[38;2;74;43;36m▄[0m[38;2;42;29;26m█[0m[38;2;42;29;26;48;2;247;242;234m▀▀[0m[38;2;247;242;234;48;2;241;232;223m▀[0m[38;2;241;232;223m█[0m[38;2;241;232;223;48;2;247;242;234m▀[0m[38;2;247;242;234m▀[0m[38;2;197;47;60m▄█▀[0m[38;2;42;29;26m▄[0m[38;2;247;242;234m▄[0m[38;2;42;29;26m▀[0m[38;2;241;232;223m▄█[0m[38;2;241;232;223;48;2;42;29;26m▀[0m[38;2;247;242;234m█[0m[38;2;112;71;57;48;2;247;242;234m▀[0m[38;2;247;242;234;48;2;74;43;36m▀[0m[38;2;42;29;26m█[0m 
 [38;2;74;43;36;48;2;42;29;26m▀[0m[38;2;247;242;234m█[0m[38;2;42;29;26m█[0m[38;2;247;242;234m█[0m[38;2;247;242;234;48;2;36;38;52m▀[0m[38;2;241;232;223;48;2;42;29;26m▀[0m[38;2;241;232;223;48;2;247;242;234m▀[0m[38;2;247;242;234m▀▀[0m[38;2;197;47;60m██[0m [38;2;36;38;52m▀[0m [38;2;247;242;234m▀[0m[38;2;241;232;223m▀[0m[38;2;241;232;223;48;2;36;38;52m▀[0m[38;2;42;29;26m▄[0m[38;2;247;242;234m█[0m[38;2;42;29;26m█[0m[38;2;247;242;234m▀[0m[38;2;74;43;36;48;2;42;29;26m▀[0m 
   [38;2;247;242;234m▀[0m[38;2;42;29;26m▄[0m[38;2;247;242;234m▄[0m[38;2;247;242;234;48;2;42;29;26m▀[0m[38;2;36;38;52m▀[0m[38;2;247;242;234;48;2;36;38;52m▀[0m[38;2;36;38;52m█[0m[38;2;197;47;60;48;2;36;38;52m▀▀[0m[38;2;247;242;234;48;2;36;38;52m▀[0m[38;2;247;242;234m▄[0m[38;2;36;38;52m▀[0m[38;2;36;38;52;48;2;42;29;26m▀[0m[38;2;247;242;234m▀▄[0m[38;2;42;29;26m█[0m[38;2;247;242;234m█[0m    
        [38;2;20;24;32m██[0m[38;2;247;242;234m▄[0m [38;2;247;242;234m▄[0m[38;2;247;242;234;48;2;42;29;26m▀[0m[38;2;20;24;32m██[0m        
      [38;2;247;242;234m▄[0m[38;2;42;29;26m▄[0m[38;2;20;24;32;48;2;75;38;36m▀▀[0m[38;2;247;242;234m▀[0m  [38;2;247;242;234;48;2;42;29;26m▀[0m[38;2;20;24;32;48;2;75;38;36m▀▀[0m[38;2;247;242;234m▄[0m       
       [38;2;247;242;234m▀[0m[38;2;75;38;36m▀▀[0m    [38;2;75;38;36m▀▀[0m[38;2;247;242;234m▀[0m       

# compact 16x16 logical -> 16x8 terminal cells

## idle (2 frames)
frame 1/2
                
   [38;2;42;29;26m█[0m[38;2;42;29;26;48;2;112;71;57m▀[0m[38;2;74;43;36;48;2;112;71;57m▀[0m[38;2;74;43;36m██[0m[38;2;42;29;26;48;2;74;43;36m▀[0m[38;2;74;43;36;48;2;42;29;26m▀[0m[38;2;74;43;36;48;2;112;71;57m▀[0m[38;2;42;29;26;48;2;112;71;57m▀[0m[38;2;74;43;36;48;2;42;29;26m▀[0m[38;2;247;242;234m█▀[0m 
  [38;2;74;43;36m▄[0m[38;2;112;71;57;48;2;74;43;36m▀[0m[38;2;74;43;36;48;2;247;242;234m▀[0m[38;2;247;242;234m█[0m[38;2;74;43;36m██[0m[38;2;74;43;36;48;2;255;208;180m▀[0m[38;2;255;208;180;48;2;247;242;234m▀[0m[38;2;42;29;26;48;2;247;242;234m▀▀[0m[38;2;247;242;234m█[0m[38;2;74;43;36;48;2;247;242;234m▀[0m[38;2;74;43;36m▄[0m 
  [38;2;42;29;26;48;2;74;43;36m▀[0m[38;2;42;29;26;48;2;247;242;234m▀[0m[38;2;74;43;36;48;2;247;242;234m▀[0m[38;2;75;169;255;48;2;255;208;180m▀[0m[38;2;36;38;52;48;2;255;208;180m▀[0m[38;2;255;208;180m██[0m[38;2;75;169;255;48;2;255;208;180m▀[0m[38;2;255;208;180m█[0m[38;2;42;29;26m█[0m[38;2;112;71;57;48;2;247;242;234m▀[0m[38;2;247;242;234;48;2;112;71;57m▀[0m[38;2;74;43;36;48;2;247;242;234m▀[0m 
 [38;2;42;29;26;48;2;247;242;234m▀[0m[38;2;247;242;234;48;2;42;29;26m▀[0m[38;2;247;242;234m█[0m[38;2;247;242;234;48;2;74;43;36m▀[0m[38;2;255;208;180;48;2;247;242;234m▀[0m[38;2;241;232;223m█[0m[38;2;197;47;60m█[0m[38;2;74;43;36m█[0m[38;2;241;232;223m█[0m[38;2;74;43;36m█[0m[38;2;247;242;234;48;2;42;29;26m▀[0m[38;2;247;242;234m█[0m[38;2;112;71;57;48;2;247;242;234m▀[0m[38;2;247;242;234;48;2;74;43;36m▀[0m 
 [38;2;247;242;234m▀[0m[38;2;42;29;26;48;2;247;242;234m▀[0m [38;2;247;242;234m▀[0m[38;2;36;38;52m▄[0m[38;2;241;232;223m▀[0m[38;2;197;47;60;48;2;36;38;52m▀[0m[38;2;36;38;52m▄[0m[38;2;241;232;223;48;2;36;38;52m▀[0m[38;2;247;242;234;48;2;36;38;52m▀[0m[38;2;36;38;52;48;2;247;242;234m▀[0m[38;2;255;208;180m█[0m[38;2;247;242;234;48;2;112;71;57m▀[0m[38;2;74;43;36;48;2;247;242;234m▀[0m 
     [38;2;20;24;32m██[0m [38;2;247;242;234m█[0m[38;2;20;24;32m██[0m  [38;2;112;71;57m▀[0m[38;2;247;242;234m▀[0m 
     [38;2;75;38;36m██[0m  [38;2;75;38;36m██[0m     
frame 2/2
                
   [38;2;42;29;26m█[0m[38;2;42;29;26;48;2;112;71;57m▀[0m[38;2;74;43;36;48;2;112;71;57m▀[0m[38;2;74;43;36m██[0m[38;2;42;29;26;48;2;74;43;36m▀[0m[38;2;74;43;36;48;2;42;29;26m▀[0m[38;2;74;43;36;48;2;112;71;57m▀[0m[38;2;42;29;26;48;2;112;71;57m▀[0m[38;2;74;43;36;48;2;42;29;26m▀[0m[38;2;247;242;234m█▀[0m 
  [38;2;74;43;36m▄[0m[38;2;112;71;57;48;2;74;43;36m▀[0m[38;2;74;43;36;48;2;247;242;234m▀[0m[38;2;247;242;234m█[0m[38;2;74;43;36m██[0m[38;2;74;43;36;48;2;255;208;180m▀[0m[38;2;255;208;180;48;2;247;242;234m▀[0m[38;2;42;29;26;48;2;247;242;234m▀▀[0m[38;2;247;242;234m█[0m[38;2;74;43;36;48;2;247;242;234m▀[0m[38;2;74;43;36m▄[0m 
  [38;2;42;29;26;48;2;74;43;36m▀[0m[38;2;42;29;26;48;2;247;242;234m▀[0m[38;2;74;43;36;48;2;247;242;234m▀[0m[38;2;21;58;120;48;2;255;208;180m▀[0m[38;2;36;38;52;48;2;255;208;180m▀[0m[38;2;255;208;180m██[0m[38;2;75;169;255;48;2;255;208;180m▀[0m[38;2;255;208;180m█[0m[38;2;42;29;26m█[0m[38;2;112;71;57;48;2;247;242;234m▀[0m[38;2;247;242;234;48;2;112;71;57m▀[0m[38;2;74;43;36;48;2;247;242;234m▀[0m 
 [38;2;42;29;26;48;2;247;242;234m▀[0m[38;2;247;242;234;48;2;42;29;26m▀[0m[38;2;247;242;234m█[0m[38;2;247;242;234;48;2;74;43;36m▀[0m[38;2;255;208;180;48;2;247;242;234m▀[0m[38;2;241;232;223m█[0m[38;2;197;47;60m█[0m[38;2;74;43;36m█[0m[38;2;241;232;223m█[0m[38;2;74;43;36m█[0m[38;2;247;242;234;48;2;42;29;26m▀[0m[38;2;247;242;234m█[0m[38;2;112;71;57;48;2;247;242;234m▀[0m[38;2;247;242;234;48;2;74;43;36m▀[0m 
 [38;2;247;242;234m▀[0m[38;2;42;29;26;48;2;247;242;234m▀[0m [38;2;247;242;234m▀[0m[38;2;36;38;52m▄[0m[38;2;241;232;223m▀[0m[38;2;197;47;60;48;2;36;38;52m▀[0m[38;2;36;38;52m▄[0m[38;2;241;232;223;48;2;36;38;52m▀[0m[38;2;247;242;234;48;2;36;38;52m▀[0m[38;2;36;38;52;48;2;247;242;234m▀[0m[38;2;255;208;180m█[0m[38;2;247;242;234;48;2;112;71;57m▀[0m[38;2;74;43;36;48;2;247;242;234m▀[0m 
     [38;2;20;24;32m██[0m [38;2;247;242;234m█[0m[38;2;20;24;32m██[0m  [38;2;112;71;57m▀[0m[38;2;247;242;234m▀[0m 
     [38;2;75;38;36m██[0m  [38;2;75;38;36m██[0m     

## thinking (2 frames)
frame 1/2
                
   [38;2;42;29;26;48;2;112;71;57m▀[0m[38;2;42;29;26m▀[0m[38;2;74;43;36;48;2;112;71;57m▀[0m[38;2;74;43;36m██[0m[38;2;42;29;26;48;2;74;43;36m▀[0m[38;2;74;43;36;48;2;42;29;26m▀[0m[38;2;74;43;36;48;2;112;71;57m▀[0m[38;2;42;29;26m▀[0m[38;2;74;43;36;48;2;112;71;57m▀[0m[38;2;247;242;234m█▀[0m 
  [38;2;74;43;36m▄[0m[38;2;112;71;57;48;2;74;43;36m▀[0m[38;2;74;43;36;48;2;247;242;234m▀[0m[38;2;247;242;234;48;2;75;169;255m▀[0m[38;2;74;43;36m██[0m[38;2;74;43;36;48;2;255;208;180m▀[0m[38;2;255;208;180;48;2;75;169;255m▀[0m[38;2;42;29;26;48;2;247;242;234m▀▀[0m[38;2;247;242;234m█[0m[38;2;74;43;36;48;2;247;242;234m▀[0m[38;2;74;43;36m▄[0m 
  [38;2;42;29;26;48;2;74;43;36m▀[0m[38;2;42;29;26;48;2;247;242;234m▀[0m[38;2;74;43;36;48;2;247;242;234m▀[0m[38;2;255;208;180m▄[0m[38;2;36;38;52;48;2;255;208;180m▀[0m[38;2;255;208;180m██▄█[0m[38;2;42;29;26m█[0m[38;2;112;71;57;48;2;247;242;234m▀[0m[38;2;247;242;234;48;2;112;71;57m▀[0m[38;2;74;43;36;48;2;247;242;234m▀[0m 
 [38;2;42;29;26;48;2;247;242;234m▀[0m[38;2;247;242;234;48;2;42;29;26m▀[0m[38;2;247;242;234m█[0m[38;2;247;242;234;48;2;74;43;36m▀[0m[38;2;255;208;180;48;2;247;242;234m▀[0m[38;2;241;232;223m█[0m[38;2;197;47;60m█[0m[38;2;74;43;36m█[0m[38;2;241;232;223m█[0m[38;2;74;43;36m█[0m[38;2;247;242;234;48;2;42;29;26m▀[0m[38;2;247;242;234m█[0m[38;2;112;71;57;48;2;247;242;234m▀[0m[38;2;247;242;234;48;2;74;43;36m▀[0m 
 [38;2;247;242;234m▀[0m[38;2;42;29;26;48;2;247;242;234m▀[0m [38;2;247;242;234m▀[0m[38;2;36;38;52m▄[0m[38;2;241;232;223m▀[0m[38;2;197;47;60;48;2;36;38;52m▀[0m[38;2;36;38;52m▄[0m[38;2;241;232;223;48;2;36;38;52m▀[0m[38;2;247;242;234;48;2;36;38;52m▀[0m[38;2;36;38;52;48;2;247;242;234m▀[0m[38;2;255;208;180m█[0m[38;2;247;242;234;48;2;112;71;57m▀[0m[38;2;74;43;36;48;2;247;242;234m▀[0m 
     [38;2;20;24;32m██[0m [38;2;247;242;234m█[0m[38;2;20;24;32m██[0m  [38;2;112;71;57m▀[0m[38;2;247;242;234m▀[0m 
     [38;2;75;38;36m██[0m  [38;2;75;38;36m██[0m     
frame 2/2
                
   [38;2;42;29;26;48;2;112;71;57m▀[0m[38;2;42;29;26m▀[0m[38;2;74;43;36;48;2;112;71;57m▀[0m[38;2;74;43;36m██[0m[38;2;42;29;26;48;2;74;43;36m▀[0m[38;2;74;43;36;48;2;42;29;26m▀[0m[38;2;74;43;36;48;2;112;71;57m▀[0m[38;2;42;29;26m▀[0m[38;2;74;43;36;48;2;112;71;57m▀[0m[38;2;247;242;234m█▀[0m 
  [38;2;74;43;36m▄[0m[38;2;112;71;57;48;2;74;43;36m▀[0m[38;2;74;43;36;48;2;247;242;234m▀[0m[38;2;247;242;234m▀[0m[38;2;74;43;36;48;2;75;169;255m▀[0m[38;2;74;43;36m█[0m[38;2;74;43;36;48;2;75;169;255m▀[0m[38;2;255;208;180m▀[0m[38;2;42;29;26;48;2;247;242;234m▀▀[0m[38;2;247;242;234m█[0m[38;2;74;43;36;48;2;247;242;234m▀[0m[38;2;74;43;36m▄[0m 
  [38;2;42;29;26;48;2;74;43;36m▀[0m[38;2;42;29;26;48;2;247;242;234m▀[0m[38;2;74;43;36;48;2;247;242;234m▀[0m[38;2;255;208;180m▄[0m[38;2;36;38;52;48;2;255;208;180m▀[0m[38;2;255;208;180m██▄█[0m[38;2;42;29;26m█[0m[38;2;112;71;57;48;2;247;242;234m▀[0m[38;2;247;242;234;48;2;112;71;57m▀[0m[38;2;74;43;36;48;2;247;242;234m▀[0m 
 [38;2;42;29;26;48;2;247;242;234m▀[0m[38;2;247;242;234;48;2;42;29;26m▀[0m[38;2;247;242;234m█[0m[38;2;247;242;234;48;2;74;43;36m▀[0m[38;2;255;208;180;48;2;247;242;234m▀[0m[38;2;241;232;223m█[0m[38;2;197;47;60m█[0m[38;2;74;43;36m█[0m[38;2;241;232;223m█[0m[38;2;74;43;36m█[0m[38;2;247;242;234;48;2;42;29;26m▀[0m[38;2;247;242;234m█[0m[38;2;112;71;57;48;2;247;242;234m▀[0m[38;2;247;242;234;48;2;74;43;36m▀[0m 
 [38;2;247;242;234m▀[0m[38;2;42;29;26;48;2;247;242;234m▀[0m [38;2;247;242;234m▀[0m[38;2;36;38;52m▄[0m[38;2;241;232;223m▀[0m[38;2;197;47;60;48;2;36;38;52m▀[0m[38;2;36;38;52m▄[0m[38;2;241;232;223;48;2;36;38;52m▀[0m[38;2;247;242;234;48;2;36;38;52m▀[0m[38;2;36;38;52;48;2;247;242;234m▀[0m[38;2;255;208;180m█[0m[38;2;247;242;234;48;2;112;71;57m▀[0m[38;2;74;43;36;48;2;247;242;234m▀[0m 
     [38;2;20;24;32m██[0m [38;2;247;242;234m█[0m[38;2;20;24;32m██[0m  [38;2;112;71;57m▀[0m[38;2;247;242;234m▀[0m 
     [38;2;75;38;36m██[0m  [38;2;75;38;36m██[0m     

## working (2 frames)
frame 1/2
                
   [38;2;42;29;26m█[0m[38;2;42;29;26;48;2;112;71;57m▀[0m[38;2;74;43;36;48;2;112;71;57m▀[0m[38;2;74;43;36m██[0m[38;2;42;29;26;48;2;74;43;36m▀[0m[38;2;74;43;36;48;2;42;29;26m▀[0m[38;2;74;43;36;48;2;112;71;57m▀[0m[38;2;42;29;26;48;2;112;71;57m▀[0m[38;2;74;43;36;48;2;42;29;26m▀[0m[38;2;247;242;234m█▀[0m 
  [38;2;74;43;36m▄[0m[38;2;112;71;57;48;2;74;43;36m▀[0m[38;2;74;43;36;48;2;247;242;234m▀[0m[38;2;247;242;234m█[0m[38;2;74;43;36m██[0m[38;2;74;43;36;48;2;255;208;180m▀[0m[38;2;255;208;180;48;2;247;242;234m▀[0m[38;2;42;29;26;48;2;247;242;234m▀▀[0m[38;2;247;242;234m█[0m[38;2;74;43;36;48;2;247;242;234m▀[0m[38;2;74;43;36m▄[0m 
  [38;2;42;29;26;48;2;74;43;36m▀[0m[38;2;42;29;26;48;2;247;242;234m▀[0m[38;2;74;43;36;48;2;247;242;234m▀[0m[38;2;75;169;255;48;2;255;208;180m▀[0m[38;2;36;38;52;48;2;255;208;180m▀[0m[38;2;255;208;180m██[0m[38;2;75;169;255;48;2;255;208;180m▀[0m[38;2;255;208;180m█[0m[38;2;42;29;26m█[0m[38;2;112;71;57;48;2;247;242;234m▀[0m[38;2;247;242;234;48;2;112;71;57m▀[0m[38;2;74;43;36;48;2;247;242;234m▀[0m 
 [38;2;42;29;26;48;2;247;242;234m▀[0m[38;2;241;232;223m██[0m[38;2;247;242;234;48;2;74;43;36m▀[0m[38;2;255;208;180;48;2;247;242;234m▀[0m[38;2;241;232;223m█[0m[38;2;197;47;60m█[0m[38;2;74;43;36m█[0m[38;2;241;232;223m█[0m[38;2;74;43;36m█[0m[38;2;247;242;234;48;2;42;29;26m▀[0m[38;2;241;232;223m██[0m[38;2;247;242;234;48;2;74;43;36m▀[0m 
 [38;2;247;242;234m▀[0m[38;2;42;29;26;48;2;247;242;234m▀[0m [38;2;247;242;234m▀[0m[38;2;36;38;52m▄[0m[38;2;241;232;223m▀[0m[38;2;197;47;60;48;2;36;38;52m▀[0m[38;2;36;38;52m▄[0m[38;2;241;232;223;48;2;36;38;52m▀[0m[38;2;247;242;234;48;2;36;38;52m▀[0m[38;2;36;38;52;48;2;247;242;234m▀[0m[38;2;255;208;180m█[0m[38;2;247;242;234;48;2;112;71;57m▀[0m[38;2;74;43;36;48;2;247;242;234m▀[0m 
     [38;2;20;24;32m██[0m [38;2;247;242;234m█[0m[38;2;20;24;32m██[0m  [38;2;112;71;57m▀[0m[38;2;247;242;234m▀[0m 
     [38;2;75;38;36m██[0m  [38;2;75;38;36m██[0m     
frame 2/2
                
   [38;2;42;29;26m█[0m[38;2;42;29;26;48;2;112;71;57m▀[0m[38;2;74;43;36;48;2;112;71;57m▀[0m[38;2;74;43;36m██[0m[38;2;42;29;26;48;2;74;43;36m▀[0m[38;2;74;43;36;48;2;42;29;26m▀[0m[38;2;74;43;36;48;2;112;71;57m▀[0m[38;2;42;29;26;48;2;112;71;57m▀[0m[38;2;74;43;36;48;2;42;29;26m▀[0m[38;2;247;242;234m█▀[0m 
  [38;2;74;43;36m▄[0m[38;2;112;71;57;48;2;74;43;36m▀[0m[38;2;74;43;36;48;2;247;242;234m▀[0m[38;2;247;242;234m█[0m[38;2;74;43;36m██[0m[38;2;74;43;36;48;2;255;208;180m▀[0m[38;2;255;208;180;48;2;247;242;234m▀[0m[38;2;42;29;26;48;2;247;242;234m▀▀[0m[38;2;247;242;234m█[0m[38;2;74;43;36;48;2;247;242;234m▀[0m[38;2;74;43;36m▄[0m 
  [38;2;42;29;26;48;2;74;43;36m▀[0m[38;2;42;29;26;48;2;247;242;234m▀[0m[38;2;74;43;36;48;2;247;242;234m▀[0m[38;2;75;169;255;48;2;255;208;180m▀[0m[38;2;36;38;52;48;2;255;208;180m▀[0m[38;2;255;208;180m██[0m[38;2;75;169;255;48;2;255;208;180m▀[0m[38;2;255;208;180m█[0m[38;2;42;29;26m█[0m[38;2;112;71;57;48;2;247;242;234m▀[0m[38;2;247;242;234;48;2;112;71;57m▀[0m[38;2;74;43;36;48;2;247;242;234m▀[0m 
 [38;2;42;29;26;48;2;247;242;234m▀[0m [38;2;241;232;223m██[0m[38;2;255;208;180;48;2;247;242;234m▀[0m[38;2;241;232;223m█[0m[38;2;197;47;60m█[0m[38;2;74;43;36m█[0m[38;2;241;232;223m█[0m[38;2;74;43;36m█[0m[38;2;241;232;223m██[0m [38;2;247;242;234;48;2;74;43;36m▀[0m 
 [38;2;247;242;234m▀[0m[38;2;42;29;26;48;2;247;242;234m▀[0m [38;2;247;242;234m▀[0m[38;2;36;38;52m▄[0m[38;2;241;232;223m▀[0m[38;2;197;47;60;48;2;36;38;52m▀[0m[38;2;36;38;52m▄[0m[38;2;241;232;223;48;2;36;38;52m▀[0m[38;2;247;242;234;48;2;36;38;52m▀[0m[38;2;36;38;52;48;2;247;242;234m▀[0m[38;2;255;208;180m█[0m[38;2;247;242;234;48;2;112;71;57m▀[0m[38;2;74;43;36;48;2;247;242;234m▀[0m 
     [38;2;20;24;32m██[0m [38;2;247;242;234m█[0m[38;2;20;24;32m██[0m  [38;2;112;71;57m▀[0m[38;2;247;242;234m▀[0m 
     [38;2;75;38;36m██[0m  [38;2;75;38;36m██[0m     

## waiting (2 frames)
frame 1/2
                
   [38;2;42;29;26m█[0m[38;2;42;29;26;48;2;112;71;57m▀[0m[38;2;74;43;36;48;2;112;71;57m▀[0m[38;2;74;43;36m██[0m[38;2;42;29;26;48;2;74;43;36m▀[0m[38;2;74;43;36;48;2;42;29;26m▀[0m[38;2;74;43;36;48;2;112;71;57m▀[0m[38;2;42;29;26;48;2;112;71;57m▀[0m[38;2;74;43;36;48;2;42;29;26m▀[0m[38;2;247;242;234m█▀[0m 
  [38;2;74;43;36m▄[0m[38;2;112;71;57;48;2;74;43;36m▀[0m[38;2;74;43;36;48;2;247;242;234m▀[0m[38;2;247;242;234;48;2;75;169;255m▀[0m[38;2;74;43;36m██[0m[38;2;74;43;36;48;2;255;208;180m▀[0m[38;2;255;208;180;48;2;75;169;255m▀[0m[38;2;42;29;26;48;2;247;242;234m▀▀[0m[38;2;247;242;234m█[0m[38;2;74;43;36;48;2;247;242;234m▀[0m[38;2;74;43;36m▄[0m 
  [38;2;42;29;26;48;2;74;43;36m▀[0m[38;2;42;29;26;48;2;247;242;234m▀[0m[38;2;74;43;36;48;2;247;242;234m▀[0m[38;2;255;208;180m▄[0m[38;2;36;38;52;48;2;255;208;180m▀[0m[38;2;255;208;180m██▄█[0m[38;2;42;29;26m█[0m[38;2;112;71;57;48;2;247;242;234m▀[0m[38;2;247;242;234;48;2;112;71;57m▀[0m[38;2;74;43;36;48;2;247;242;234m▀[0m 
 [38;2;42;29;26;48;2;247;242;234m▀[0m[38;2;247;242;234;48;2;42;29;26m▀[0m[38;2;247;242;234m█[0m[38;2;247;242;234;48;2;74;43;36m▀[0m[38;2;255;208;180;48;2;247;242;234m▀[0m[38;2;241;232;223m█[0m[38;2;197;47;60m█[0m[38;2;74;43;36m█[0m[38;2;241;232;223m█[0m[38;2;74;43;36m█[0m[38;2;247;242;234;48;2;42;29;26m▀[0m[38;2;247;242;234m█[0m[38;2;112;71;57;48;2;247;242;234m▀[0m[38;2;247;242;234;48;2;74;43;36m▀[0m 
 [38;2;247;242;234m▀[0m[38;2;42;29;26;48;2;247;242;234m▀[0m [38;2;247;242;234m▀[0m[38;2;36;38;52m▄[0m[38;2;241;232;223m▀[0m[38;2;197;47;60;48;2;36;38;52m▀[0m[38;2;36;38;52m▄[0m[38;2;241;232;223;48;2;36;38;52m▀[0m[38;2;247;242;234;48;2;36;38;52m▀[0m[38;2;36;38;52;48;2;247;242;234m▀[0m[38;2;255;208;180m█[0m[38;2;247;242;234;48;2;112;71;57m▀[0m[38;2;74;43;36;48;2;247;242;234m▀[0m 
     [38;2;20;24;32m██[0m[38;2;241;232;223m▄[0m[38;2;247;242;234;48;2;241;232;223m▀[0m[38;2;20;24;32m██[0m  [38;2;112;71;57m▀[0m[38;2;247;242;234m▀[0m 
     [38;2;75;38;36m██[0m  [38;2;75;38;36m██[0m     
frame 2/2
                
   [38;2;42;29;26m█[0m[38;2;42;29;26;48;2;112;71;57m▀[0m[38;2;74;43;36;48;2;112;71;57m▀[0m[38;2;74;43;36m██[0m[38;2;42;29;26;48;2;74;43;36m▀[0m[38;2;74;43;36;48;2;42;29;26m▀[0m[38;2;74;43;36;48;2;112;71;57m▀[0m[38;2;42;29;26;48;2;112;71;57m▀[0m[38;2;74;43;36;48;2;42;29;26m▀[0m[38;2;247;242;234m█▀[0m 
  [38;2;74;43;36m▄[0m[38;2;112;71;57;48;2;74;43;36m▀[0m[38;2;74;43;36;48;2;247;242;234m▀[0m[38;2;247;242;234m█[0m[38;2;74;43;36m██[0m[38;2;74;43;36;48;2;255;208;180m▀[0m[38;2;255;208;180;48;2;247;242;234m▀[0m[38;2;42;29;26;48;2;247;242;234m▀▀[0m[38;2;247;242;234m█[0m[38;2;74;43;36;48;2;247;242;234m▀[0m[38;2;74;43;36m▄[0m 
  [38;2;42;29;26;48;2;74;43;36m▀[0m[38;2;42;29;26;48;2;247;242;234m▀[0m[38;2;74;43;36;48;2;247;242;234m▀[0m[38;2;75;169;255;48;2;255;208;180m▀[0m[38;2;36;38;52;48;2;255;208;180m▀[0m[38;2;255;208;180m██[0m[38;2;75;169;255;48;2;255;208;180m▀[0m[38;2;255;208;180m█[0m[38;2;42;29;26m█[0m[38;2;112;71;57;48;2;247;242;234m▀[0m[38;2;247;242;234;48;2;112;71;57m▀[0m[38;2;74;43;36;48;2;247;242;234m▀[0m 
 [38;2;42;29;26;48;2;247;242;234m▀[0m[38;2;247;242;234;48;2;42;29;26m▀[0m[38;2;247;242;234m█[0m[38;2;247;242;234;48;2;74;43;36m▀[0m[38;2;255;208;180;48;2;247;242;234m▀[0m[38;2;241;232;223m█[0m[38;2;197;47;60m█[0m[38;2;74;43;36m█[0m[38;2;241;232;223m█[0m[38;2;74;43;36m█[0m[38;2;247;242;234;48;2;42;29;26m▀[0m[38;2;247;242;234m█[0m[38;2;112;71;57;48;2;247;242;234m▀[0m[38;2;247;242;234;48;2;74;43;36m▀[0m 
 [38;2;247;242;234m▀[0m[38;2;42;29;26;48;2;247;242;234m▀[0m [38;2;247;242;234m▀[0m[38;2;36;38;52m▄[0m[38;2;241;232;223m▀[0m[38;2;197;47;60;48;2;36;38;52m▀[0m[38;2;36;38;52m▄[0m[38;2;241;232;223;48;2;36;38;52m▀[0m[38;2;247;242;234;48;2;36;38;52m▀[0m[38;2;36;38;52;48;2;247;242;234m▀[0m[38;2;255;208;180m█[0m[38;2;247;242;234;48;2;112;71;57m▀[0m[38;2;74;43;36;48;2;247;242;234m▀[0m 
     [38;2;20;24;32m██[0m[38;2;241;232;223m▄[0m[38;2;247;242;234;48;2;241;232;223m▀[0m[38;2;20;24;32m██[0m  [38;2;112;71;57m▀[0m[38;2;247;242;234m▀[0m 
     [38;2;75;38;36m██[0m  [38;2;75;38;36m██[0m     

## success (1 frame)
frame 1/1
                
   [38;2;42;29;26m█[0m[38;2;42;29;26;48;2;112;71;57m▀[0m[38;2;74;43;36;48;2;112;71;57m▀[0m[38;2;74;43;36m██[0m[38;2;42;29;26;48;2;74;43;36m▀[0m[38;2;74;43;36;48;2;42;29;26m▀[0m[38;2;74;43;36;48;2;112;71;57m▀[0m[38;2;42;29;26;48;2;112;71;57m▀[0m[38;2;74;43;36;48;2;42;29;26m▀[0m[38;2;247;242;234m█▀[0m 
  [38;2;74;43;36m▄[0m[38;2;112;71;57;48;2;74;43;36m▀[0m[38;2;74;43;36;48;2;247;242;234m▀[0m[38;2;247;242;234m█[0m[38;2;74;43;36m██[0m[38;2;74;43;36;48;2;255;208;180m▀[0m[38;2;255;208;180;48;2;247;242;234m▀[0m[38;2;42;29;26;48;2;247;242;234m▀▀[0m[38;2;247;242;234m█[0m[38;2;74;43;36;48;2;247;242;234m▀[0m[38;2;74;43;36m▄[0m 
  [38;2;42;29;26;48;2;74;43;36m▀[0m[38;2;42;29;26;48;2;247;242;234m▀[0m[38;2;74;43;36;48;2;247;242;234m▀[0m[38;2;75;169;255;48;2;255;208;180m▀[0m[38;2;36;38;52;48;2;255;208;180m▀[0m[38;2;255;208;180m██[0m[38;2;75;169;255;48;2;255;208;180m▀[0m[38;2;255;208;180m█[0m[38;2;42;29;26m█[0m[38;2;112;71;57;48;2;247;242;234m▀[0m[38;2;247;242;234;48;2;112;71;57m▀[0m[38;2;74;43;36;48;2;247;242;234m▀[0m 
 [38;2;42;29;26;48;2;247;242;234m▀[0m[38;2;247;242;234;48;2;42;29;26m▀[0m[38;2;247;242;234m█[0m[38;2;247;242;234;48;2;74;43;36m▀[0m[38;2;255;208;180;48;2;247;242;234m▀[0m[38;2;241;232;223m█[0m[38;2;197;47;60m█[0m[38;2;74;43;36m█[0m[38;2;241;232;223m█[0m[38;2;74;43;36m█[0m[38;2;247;242;234;48;2;42;29;26m▀[0m[38;2;247;242;234m█[0m[38;2;112;71;57;48;2;247;242;234m▀[0m[38;2;247;242;234;48;2;74;43;36m▀[0m 
 [38;2;247;242;234m▀[0m[38;2;42;29;26;48;2;247;242;234m▀[0m [38;2;247;242;234m▀[0m[38;2;36;38;52m▄[0m[38;2;241;232;223m▀[0m[38;2;197;47;60;48;2;36;38;52m▀[0m[38;2;36;38;52m▄[0m[38;2;241;232;223;48;2;36;38;52m▀[0m[38;2;247;242;234;48;2;36;38;52m▀[0m[38;2;36;38;52;48;2;247;242;234m▀[0m[38;2;255;208;180m█[0m[38;2;247;242;234;48;2;112;71;57m▀[0m[38;2;74;43;36;48;2;247;242;234m▀[0m 
     [38;2;20;24;32m██[0m [38;2;247;242;234m█[0m[38;2;20;24;32m██[0m  [38;2;112;71;57m▀[0m[38;2;247;242;234m▀[0m 
     [38;2;75;38;36m▀▀[0m  [38;2;75;38;36m▀▀[0m     

## error (1 frame)
frame 1/1
                
   [38;2;42;29;26m█[0m[38;2;42;29;26;48;2;112;71;57m▀[0m[38;2;74;43;36;48;2;112;71;57m▀[0m[38;2;74;43;36m██[0m[38;2;42;29;26;48;2;74;43;36m▀[0m[38;2;74;43;36;48;2;42;29;26m▀[0m[38;2;74;43;36;48;2;112;71;57m▀[0m[38;2;42;29;26;48;2;112;71;57m▀[0m[38;2;74;43;36;48;2;42;29;26m▀[0m[38;2;247;242;234m█▀[0m 
  [38;2;74;43;36m▄[0m[38;2;112;71;57;48;2;74;43;36m▀[0m[38;2;74;43;36;48;2;247;242;234m▀[0m[38;2;247;242;234m█[0m[38;2;74;43;36m██[0m[38;2;74;43;36;48;2;255;208;180m▀[0m[38;2;255;208;180;48;2;247;242;234m▀[0m[38;2;42;29;26;48;2;247;242;234m▀▀[0m[38;2;247;242;234m█[0m[38;2;74;43;36;48;2;247;242;234m▀[0m[38;2;74;43;36m▄[0m 
  [38;2;42;29;26;48;2;74;43;36m▀[0m[38;2;42;29;26;48;2;247;242;234m▀[0m[38;2;74;43;36;48;2;247;242;234m▀[0m[38;2;255;208;180m▄[0m[38;2;75;169;255;48;2;255;208;180m▀[0m[38;2;255;208;180m█[0m[38;2;75;169;255;48;2;255;208;180m▀[0m[38;2;255;208;180m▄█[0m[38;2;42;29;26m█[0m[38;2;112;71;57;48;2;247;242;234m▀[0m[38;2;247;242;234;48;2;112;71;57m▀[0m[38;2;74;43;36;48;2;247;242;234m▀[0m 
 [38;2;42;29;26;48;2;247;242;234m▀[0m[38;2;247;242;234;48;2;42;29;26m▀[0m[38;2;247;242;234m█[0m[38;2;247;242;234;48;2;74;43;36m▀[0m[38;2;255;208;180;48;2;247;242;234m▀[0m[38;2;241;232;223m█[0m[38;2;197;47;60m█[0m[38;2;74;43;36m█[0m[38;2;241;232;223m█[0m[38;2;74;43;36m█[0m[38;2;247;242;234;48;2;42;29;26m▀[0m[38;2;247;242;234m█[0m[38;2;112;71;57;48;2;247;242;234m▀[0m[38;2;247;242;234;48;2;74;43;36m▀[0m 
 [38;2;247;242;234m▀[0m[38;2;42;29;26;48;2;247;242;234m▀[0m [38;2;247;242;234m▀[0m[38;2;36;38;52m▄[0m[38;2;241;232;223m▀[0m[38;2;197;47;60;48;2;36;38;52m▀[0m[38;2;36;38;52m▄[0m[38;2;241;232;223;48;2;36;38;52m▀[0m[38;2;247;242;234;48;2;36;38;52m▀[0m[38;2;36;38;52;48;2;247;242;234m▀[0m[38;2;255;208;180m█[0m[38;2;247;242;234;48;2;112;71;57m▀[0m[38;2;74;43;36;48;2;247;242;234m▀[0m 
     [38;2;20;24;32m██[0m [38;2;247;242;234m█[0m[38;2;20;24;32m██[0m  [38;2;112;71;57m▀[0m[38;2;247;242;234m▀[0m 
     [38;2;75;38;36m██[0m  [38;2;75;38;36m██[0m     

## retry (2 frames)
frame 1/2
                
   [38;2;42;29;26m█[0m[38;2;42;29;26;48;2;112;71;57m▀[0m[38;2;74;43;36;48;2;112;71;57m▀[0m[38;2;74;43;36m██[0m[38;2;42;29;26;48;2;74;43;36m▀[0m[38;2;74;43;36;48;2;42;29;26m▀[0m[38;2;74;43;36;48;2;112;71;57m▀[0m[38;2;42;29;26;48;2;112;71;57m▀[0m[38;2;74;43;36;48;2;42;29;26m▀[0m[38;2;247;242;234m█▀[0m 
  [38;2;74;43;36m▄[0m[38;2;112;71;57;48;2;74;43;36m▀[0m[38;2;74;43;36;48;2;247;242;234m▀[0m[38;2;247;242;234m█[0m[38;2;74;43;36m██[0m[38;2;74;43;36;48;2;255;208;180m▀[0m[38;2;255;208;180;48;2;247;242;234m▀[0m[38;2;42;29;26;48;2;247;242;234m▀▀[0m[38;2;247;242;234m█[0m[38;2;74;43;36;48;2;247;242;234m▀[0m[38;2;74;43;36m▄[0m 
  [38;2;42;29;26;48;2;74;43;36m▀[0m[38;2;42;29;26;48;2;247;242;234m▀[0m[38;2;74;43;36;48;2;247;242;234m▀[0m[38;2;75;169;255;48;2;255;208;180m▀[0m[38;2;36;38;52;48;2;255;208;180m▀[0m[38;2;255;208;180m██[0m[38;2;75;169;255;48;2;255;208;180m▀[0m[38;2;255;208;180m█[0m[38;2;42;29;26m█[0m[38;2;112;71;57;48;2;247;242;234m▀[0m[38;2;247;242;234;48;2;112;71;57m▀[0m[38;2;74;43;36;48;2;247;242;234m▀[0m 
 [38;2;42;29;26;48;2;247;242;234m▀[0m[38;2;247;242;234;48;2;42;29;26m▀[0m[38;2;247;242;234m█[0m[38;2;247;242;234;48;2;74;43;36m▀[0m[38;2;255;208;180;48;2;247;242;234m▀[0m[38;2;241;232;223m█[0m[38;2;197;47;60m█[0m[38;2;74;43;36m█[0m[38;2;241;232;223m█[0m[38;2;74;43;36m█[0m[38;2;247;242;234;48;2;42;29;26m▀[0m[38;2;247;242;234m█[0m[38;2;112;71;57;48;2;247;242;234m▀[0m[38;2;247;242;234;48;2;74;43;36m▀[0m 
 [38;2;247;242;234m▀[0m[38;2;42;29;26;48;2;247;242;234m▀[0m [38;2;247;242;234m▀[0m[38;2;36;38;52m▄[0m[38;2;241;232;223m▀[0m[38;2;197;47;60;48;2;36;38;52m▀[0m[38;2;36;38;52m▄[0m[38;2;241;232;223;48;2;36;38;52m▀[0m[38;2;247;242;234;48;2;36;38;52m▀[0m[38;2;36;38;52;48;2;247;242;234m▀[0m[38;2;255;208;180m█[0m[38;2;247;242;234;48;2;112;71;57m▀[0m[38;2;74;43;36;48;2;247;242;234m▀[0m 
     [38;2;20;24;32m██[0m [38;2;247;242;234m█[0m[38;2;20;24;32m██[0m  [38;2;112;71;57m▀[0m[38;2;247;242;234m▀[0m 
     [38;2;75;38;36m██[0m  [38;2;75;38;36m██[0m     
frame 2/2
                
    [38;2;42;29;26m█[0m[38;2;42;29;26;48;2;112;71;57m▀[0m[38;2;74;43;36;48;2;112;71;57m▀[0m[38;2;74;43;36m██[0m[38;2;42;29;26;48;2;74;43;36m▀[0m[38;2;74;43;36;48;2;42;29;26m▀[0m[38;2;74;43;36;48;2;112;71;57m▀[0m[38;2;42;29;26;48;2;112;71;57m▀[0m[38;2;74;43;36;48;2;42;29;26m▀[0m[38;2;247;242;234m█[0m 
   [38;2;74;43;36m▄[0m[38;2;112;71;57;48;2;74;43;36m▀[0m[38;2;74;43;36;48;2;247;242;234m▀[0m[38;2;247;242;234m█[0m[38;2;74;43;36m██[0m[38;2;74;43;36;48;2;255;208;180m▀[0m[38;2;255;208;180;48;2;247;242;234m▀[0m[38;2;42;29;26;48;2;247;242;234m▀▀[0m[38;2;247;242;234m█[0m[38;2;74;43;36;48;2;247;242;234m▀[0m 
   [38;2;42;29;26;48;2;74;43;36m▀[0m[38;2;42;29;26;48;2;247;242;234m▀[0m[38;2;74;43;36;48;2;247;242;234m▀[0m[38;2;75;169;255;48;2;255;208;180m▀[0m[38;2;36;38;52;48;2;255;208;180m▀[0m[38;2;255;208;180m██[0m[38;2;75;169;255;48;2;255;208;180m▀[0m[38;2;255;208;180m█[0m[38;2;42;29;26m█[0m[38;2;112;71;57;48;2;247;242;234m▀[0m[38;2;247;242;234;48;2;112;71;57m▀[0m 
  [38;2;42;29;26;48;2;247;242;234m▀[0m[38;2;247;242;234;48;2;42;29;26m▀[0m[38;2;247;242;234m█[0m[38;2;247;242;234;48;2;74;43;36m▀[0m[38;2;255;208;180;48;2;247;242;234m▀[0m[38;2;241;232;223m█[0m[38;2;197;47;60m█[0m[38;2;74;43;36m█[0m[38;2;241;232;223m█[0m[38;2;74;43;36m█[0m[38;2;247;242;234;48;2;42;29;26m▀[0m[38;2;247;242;234m█[0m[38;2;112;71;57;48;2;247;242;234m▀[0m 
  [38;2;247;242;234m▀[0m[38;2;42;29;26;48;2;247;242;234m▀[0m [38;2;247;242;234m▀[0m[38;2;36;38;52m▄[0m[38;2;241;232;223m▀[0m[38;2;197;47;60;48;2;36;38;52m▀[0m[38;2;36;38;52m▄[0m[38;2;241;232;223;48;2;36;38;52m▀[0m[38;2;247;242;234;48;2;36;38;52m▀[0m[38;2;36;38;52;48;2;247;242;234m▀[0m[38;2;255;208;180m█[0m[38;2;247;242;234;48;2;112;71;57m▀[0m 
     [38;2;20;24;32m▄█▀[0m[38;2;247;242;234m▄[0m[38;2;247;242;234;48;2;20;24;32m▀[0m[38;2;20;24;32m█▀[0m  [38;2;112;71;57m▀[0m 
     [38;2;75;38;36m██[0m  [38;2;75;38;36m██[0m     
